216.4,210.7,207.72727272727272,205.0,204.0,202.0,195.3,184.0
205.0,204.0,202.0,195.3,188.54545454545453,184.0,181.2,186.0
204.0,202.0,195.3,188.54545454545453,184.0,181.2,183.27272727272728,184.0
202.0,195.3,188.54545454545453,184.0,181.2,183.27272727272728,186.0,181.0
195.3,188.54545454545453,184.0,181.2,183.27272727272728,186.0,184.0,180.0
188.54545454545453,184.0,181.2,183.27272727272728,186.0,184.0,181.0,178.0
184.0,181.2,183.27272727272728,186.0,184.0,181.0,180.0,166.0
183.27272727272728,186.0,184.0,181.0,180.0,178.0,166.0,148.0
184.0,181.0,180.0,178.0,166.0,151.0,148.0,147.0
181.0,180.0,178.0,166.0,151.0,148.0,147.0,148.0
180.0,178.0,166.0,151.0,148.0,147.0,147.0,149.0
178.0,166.0,151.0,148.0,147.0,147.0,148.0,146.0
166.0,151.0,148.0,147.0,147.0,148.0,149.0,143.0
148.0,147.0,147.0,148.0,149.0,146.0,143.0,139.0
147.0,147.0,148.0,149.0,146.0,143.0,140.0,152.0
147.0,148.0,149.0,146.0,143.0,140.0,139.0,146.0
148.0,149.0,146.0,143.0,140.0,139.0,152.0,147.0
149.0,146.0,143.0,140.0,139.0,152.0,146.0,149.0
146.0,143.0,140.0,139.0,152.0,146.0,147.0,123.0
143.0,140.0,139.0,152.0,146.0,147.0,149.0,112.0
152.0,146.0,147.0,149.0,123.0,112.0,122.0,136.0
146.0,147.0,149.0,123.0,112.0,122.0,135.0,121.0
147.0,149.0,123.0,112.0,122.0,135.0,136.0,109.0
149.0,123.0,112.0,122.0,135.0,136.0,121.0,102.0
123.0,112.0,122.0,135.0,136.0,121.0,109.0,113.0
112.0,122.0,135.0,136.0,121.0,109.0,102.0,117.0
122.0,135.0,136.0,121.0,109.0,102.0,113.0,119.0
135.0,136.0,121.0,109.0,102.0,113.0,117.0,114.0
213.0,212.0,211.0,208.0,208.0,211.0,211.0,211.0
212.0,211.0,208.0,208.0,211.0,211.0,210.0,208.0
208.0,211.0,211.0,210.0,211.0,208.0,206.0,201.0
211.0,211.0,210.0,211.0,208.0,206.0,205.0,196.0
211.0,210.0,211.0,208.0,206.0,205.0,201.0,199.0
211.0,208.0,206.0,205.0,201.0,196.0,199.0,203.0
208.0,206.0,205.0,201.0,196.0,199.0,201.0,203.0
206.0,205.0,201.0,196.0,199.0,201.0,203.0,196.0
205.0,201.0,196.0,199.0,201.0,203.0,203.0,194.0
201.0,196.0,199.0,201.0,203.0,203.0,196.0,192.0
203.0,203.0,196.0,194.0,192.0,191.0,192.0,191.0
196.0,194.0,192.0,191.0,192.0,191.0,191.0,197.0
194.0,192.0,191.0,192.0,191.0,191.0,193.0,198.0
192.0,191.0,192.0,191.0,191.0,193.0,197.0,198.0
191.0,192.0,191.0,191.0,193.0,197.0,198.0,197.0
192.0,191.0,191.0,193.0,197.0,198.0,198.0,197.0
191.0,191.0,193.0,197.0,198.0,198.0,197.0,195.0
191.0,193.0,197.0,198.0,198.0,197.0,197.0,194.0
198.0,198.0,197.0,197.0,195.0,194.0,190.0,182.0
198.0,197.0,197.0,195.0,194.0,190.0,181.0,182.0
197.0,195.0,194.0,190.0,181.0,182.0,182.0,179.0
195.0,194.0,190.0,181.0,182.0,182.0,174.0,171.0
194.0,190.0,181.0,182.0,182.0,174.0,179.0,165.0
209.0,216.0,222.0,226.0,231.0,236.0,237.0,237.0
216.0,222.0,226.0,231.0,236.0,237.0,236.0,243.0
222.0,226.0,231.0,236.0,237.0,236.0,237.0,230.0
226.5,231.5,236.1,236.9,236.1,237.6,241.7,257.0
236.1,236.9,236.1,237.6,241.7,232.45454545454547,257.0,269.0
236.1,237.6,241.7,232.45454545454547,257.0,267.0,269.0,275.0
241.7,232.45454545454547,257.0,267.0,269.0,272.27272727272725,275.0,278.0
267.0,269.0,272.27272727272725,275.0,277.0,278.0,278.27272727272725,280.0
269.0,272.27272727272725,275.0,277.0,278.0,278.27272727272725,281.0,280.0
272.27272727272725,275.0,277.0,278.0,278.27272727272725,281.0,280.0,278.0
277.0,278.0,278.27272727272725,281.0,280.0,280.0,278.0,261.0
281.0,280.0,280.0,278.0,278.0,261.0,259.0,254.0
280.0,280.0,278.0,278.0,261.0,259.0,258.0,253.0
280.0,278.0,278.0,261.0,259.0,258.0,254.0,253.0
278.0,278.0,261.0,259.0,258.0,254.0,253.0,261.0
278.0,261.0,259.0,258.0,254.0,253.0,253.0,261.0
261.0,259.0,258.0,254.0,253.0,253.0,261.0,259.0
259.0,258.0,254.0,253.0,253.0,261.0,261.0,256.0
258.0,254.0,253.0,253.0,261.0,261.0,259.0,254.0
254.0,253.0,253.0,261.0,261.0,259.0,256.0,251.0
253.0,253.0,261.0,261.0,259.0,256.0,254.0,250.0
253.0,261.0,261.0,259.0,256.0,254.0,251.0,250.0
261.0,261.0,259.0,256.0,254.0,251.0,250.0,259.0
261.0,259.0,256.0,254.0,251.0,250.0,250.0,258.0
259.0,256.0,254.0,251.0,250.0,250.0,259.0,267.0
254.0,251.0,250.0,250.0,259.0,258.0,267.0,293.0
251.0,250.0,250.0,259.0,258.0,267.0,290.0,302.0
197.0,196.0,203.0,200.0,187.0,187.0,184.0,204.0
203.0,200.0,187.0,187.0,184.0,200.0,204.0,213.0
200.0,187.0,187.0,184.0,200.0,204.0,210.0,215.0
187.0,187.0,184.0,200.0,204.0,210.0,213.0,215.0
187.0,184.0,200.0,204.0,210.0,213.0,215.0,213.0
184.0,200.0,204.0,210.0,213.0,215.0,215.0,224.0
204.0,210.0,213.0,215.0,215.0,213.0,224.0,226.0
210.0,213.0,215.0,215.0,213.0,224.0,225.0,230.0
215.0,213.0,224.0,225.0,226.0,230.0,226.0,227.0
225.0,226.0,230.0,226.0,226.0,227.0,225.0,227.0
226.0,226.0,227.0,225.0,225.0,227.0,220.0,214.0
225.0,227.0,220.0,219.0,214.0,211.0,206.0,196.0
227.0,220.0,219.0,214.0,211.0,206.0,204.0,184.0
220.0,219.0,214.0,211.0,206.0,204.0,196.0,183.0
219.0,214.0,211.0,206.0,204.0,196.0,184.0,182.0
214.0,211.0,206.0,204.0,196.0,184.0,183.0,181.0
211.0,206.0,204.0,196.0,184.0,183.0,182.0,178.0
206.0,204.0,196.0,184.0,183.0,182.0,181.0,176.0
204.0,196.0,184.0,183.0,182.0,181.0,178.0,182.0
196.0,184.0,183.0,182.0,181.0,178.0,176.0,184.0
184.0,183.0,182.0,181.0,178.0,176.0,182.0,187.0
183.0,182.0,181.0,178.0,176.0,182.0,184.0,188.0
181.0,178.0,176.0,182.0,184.0,187.0,188.0,201.0
178.0,176.0,182.0,184.0,187.0,188.0,192.0,203.0
178.0,180.0,181.0,166.0,162.0,161.0,161.0,176.0
180.0,181.0,166.0,162.0,161.0,161.0,161.0,177.0
181.0,166.0,162.0,161.0,161.0,161.0,176.0,180.0
166.0,162.0,161.0,161.0,161.0,176.0,177.0,168.0
162.0,161.0,161.0,161.0,176.0,177.0,180.0,160.0
161.0,161.0,161.0,176.0,177.0,180.0,168.0,165.0
161.0,161.0,176.0,177.0,180.0,168.0,160.0,169.0
161.0,176.0,177.0,180.0,168.0,160.0,165.0,170.0
177.0,180.0,168.0,160.0,165.0,169.0,170.0,186.0
180.0,168.0,160.0,165.0,169.0,170.0,178.0,195.0
168.0,160.0,165.0,169.0,170.0,178.0,186.0,200.0
160.0,165.0,169.0,170.0,178.0,186.0,195.0,200.0
165.0,169.0,170.0,178.0,186.0,195.0,200.0,198.0
170.0,178.0,186.0,195.0,200.0,200.0,198.0,192.0
200.0,200.0,198.0,196.0,192.0,190.0,189.0,185.0
192.0,190.0,189.0,189.0,185.0,188.0,189.0,183.0
190.0,189.0,189.0,185.0,188.0,189.0,184.0,179.0
189.0,189.0,185.0,188.0,189.0,184.0,183.0,170.0
189.0,185.0,188.0,189.0,184.0,183.0,179.0,168.0
185.0,188.0,189.0,184.0,183.0,179.0,170.0,163.0
188.0,189.0,184.0,183.0,179.0,170.0,168.0,158.0
184.0,183.0,179.0,170.0,168.0,163.0,158.0,150.0
183.0,179.0,170.0,168.0,163.0,158.0,157.0,148.0
178.1,169.8,167.5,162.5,157.9,156.3,149.8,155.0
170.0,168.0,163.0,158.0,157.0,150.0,148.0,159.0
167.5,162.5,157.9,156.3,149.8,148.63636363636363,155.0,158.0
199.0,197.0,198.0,195.0,195.0,202.0,210.0,203.0
197.0,198.0,195.0,195.0,202.0,210.0,207.0,205.0
198.0,195.0,195.0,202.0,210.0,207.0,203.0,206.0
195.0,195.0,202.0,210.0,207.0,203.0,205.0,206.0
210.0,207.0,203.0,205.0,206.0,206.0,215.0,287.0
207.0,203.0,205.0,206.0,206.0,215.0,263.0,288.0
203.0,205.0,206.0,206.0,215.0,263.0,287.0,288.0
205.0,206.0,206.0,215.0,263.0,287.0,288.0,288.0
206.0,206.0,215.0,263.0,287.0,288.0,288.0,289.0
215.0,263.0,287.0,288.0,288.0,288.0,289.0,288.0
263.0,287.0,288.0,288.0,288.0,289.0,287.0,289.0
287.0,288.0,288.0,288.0,289.0,287.0,288.0,287.0
288.0,288.0,288.0,289.0,287.0,288.0,289.0,287.0
288.0,288.0,289.0,287.0,288.0,289.0,287.0,285.0
288.0,289.0,287.0,288.0,289.0,287.0,287.0,280.0
289.0,287.0,288.0,289.0,287.0,287.0,285.0,276.0
287.0,288.0,289.0,287.0,287.0,285.0,280.0,274.0
288.0,289.0,287.0,287.0,285.0,280.0,276.0,274.0
289.0,287.0,287.0,285.0,280.0,276.0,274.0,273.0
287.0,287.0,285.0,280.0,276.0,274.0,274.0,273.0
287.0,285.0,280.0,276.0,274.0,274.0,273.0,275.0
285.0,280.0,276.0,274.0,274.0,273.0,273.0,277.0
280.0,276.0,274.0,274.0,273.0,273.0,275.0,277.0
276.0,274.0,274.0,273.0,273.0,275.0,277.0,278.0
274.0,274.0,273.0,273.0,275.0,277.0,277.0,269.0
273.0,273.0,275.0,277.0,277.0,278.0,269.0,265.0
273.0,275.0,277.0,277.0,278.0,269.0,264.0,267.0
275.0,277.0,277.0,278.0,269.0,264.0,265.0,267.0
277.0,277.0,278.0,269.0,264.0,265.0,267.0,259.0
277.0,278.0,269.0,264.0,265.0,267.0,267.0,251.0
278.0,269.0,264.0,265.0,267.0,267.0,259.0,245.0
269.0,264.0,265.0,267.0,267.0,259.0,251.0,240.0
218.0,217.0,217.0,218.0,218.0,223.0,231.0,237.0
217.0,217.0,218.0,218.0,223.0,231.0,233.0,239.0
217.0,218.0,218.0,223.0,231.0,233.0,237.0,241.0
218.0,218.0,223.0,231.0,233.0,237.0,239.0,244.0
218.0,223.0,231.0,233.0,237.0,239.0,241.0,247.0
231.0,233.0,237.0,239.0,241.0,244.0,247.0,254.0
233.0,237.0,239.0,241.0,244.0,247.0,248.0,262.0
237.2,239.2,241.3,244.3,247.1,248.6,254.8,264.0
241.3,244.3,247.1,248.6,254.8,262.1818181818182,264.0,262.0
247.1,248.6,254.8,262.1818181818182,264.0,265.6363636363636,262.0,260.0
254.8,262.1818181818182,264.0,265.6363636363636,262.0,254.54545454545453,260.0,263.0
265.6363636363636,262.0,254.54545454545453,260.0,261.0,263.0,265.3636363636364,274.0
262.0,254.54545454545453,260.0,261.0,263.0,265.3636363636364,269.0,277.0
254.54545454545453,260.0,261.0,263.0,265.3636363636364,269.0,274.0,279.0
260.0,261.0,263.0,265.3636363636364,269.0,274.0,277.0,279.0
263.0,265.3636363636364,269.0,274.0,277.0,279.0,279.0,269.0
265.3636363636364,269.0,274.0,277.0,279.0,279.0,273.0,267.0
269.0,274.0,277.0,279.0,279.0,273.0,269.0,266.0
277.0,279.0,279.0,273.0,269.0,267.0,266.0,250.0
279.0,279.0,273.0,269.0,267.0,266.0,262.0,241.0
279.0,273.0,269.0,267.0,266.0,262.0,250.0,235.0
269.0,267.0,266.0,262.0,250.0,241.0,235.0,231.0
267.0,266.0,262.0,250.0,241.0,235.0,233.0,228.0
250.0,241.0,235.0,233.0,231.0,228.0,226.0,241.0
154.0,161.0,164.0,160.0,157.0,159.0,162.0,171.0
161.0,164.0,160.0,157.0,159.0,162.0,169.0,168.0
164.0,160.0,157.0,159.0,162.0,169.0,171.0,172.0
157.0,159.0,162.0,169.0,171.0,168.0,172.0,174.0
159.0,162.0,169.0,171.0,168.0,172.0,174.0,174.0
162.0,169.0,171.0,168.0,172.0,174.0,174.0,159.0
169.0,171.0,168.0,172.0,174.0,174.0,174.0,155.0
168.0,172.0,174.0,174.0,174.0,159.0,155.0,158.0
172.0,174.0,174.0,174.0,159.0,155.0,157.0,156.0
174.0,174.0,174.0,159.0,155.0,157.0,158.0,156.0
174.0,174.0,159.0,155.0,157.0,158.0,156.0,156.0
174.0,159.0,155.0,157.0,158.0,156.0,156.0,155.0
159.0,155.0,157.0,158.0,156.0,156.0,156.0,154.0
157.0,158.0,156.0,156.0,156.0,155.0,154.0,153.0
158.0,156.0,156.0,156.0,155.0,154.0,155.0,150.0
156.0,156.0,156.0,155.0,154.0,155.0,153.0,150.0
156.0,155.0,154.0,155.0,153.0,150.0,150.0,142.0
155.0,154.0,155.0,153.0,150.0,150.0,146.0,138.0
154.0,155.0,153.0,150.0,150.0,146.0,142.0,137.0
155.0,153.0,150.0,150.0,146.0,142.0,138.0,133.0
152.7,150.0,149.6,145.6,141.6,137.9,136.6,129.0
150.0,150.0,146.0,142.0,138.0,137.0,133.0,127.0
149.6,145.6,141.6,137.9,136.6,132.63636363636363,129.0,127.0
141.6,137.9,136.6,132.63636363636363,129.0,127.0,127.0,123.0
136.6,132.63636363636363,129.0,127.0,127.0,124.81818181818181,123.0,122.0
124.81818181818181,123.0,122.9090909090909,122.0,111.9,111.1,112.63636363636364,125.0
260.0,260.09090909090907,261.0,263.0,264.0,263.0,263.0,268.0
260.09090909090907,261.0,263.0,264.0,263.0,263.0,266.0,270.0
261.0,263.0,264.0,263.0,263.0,266.0,268.0,271.0
263.0,264.0,263.0,263.0,266.0,268.0,270.0,272.0
264.0,263.0,263.0,266.0,268.0,270.0,271.0,277.0
263.0,263.0,266.0,268.0,270.0,271.0,272.0,273.0
263.0,266.0,268.0,270.0,271.0,272.0,277.0,271.0
268.0,270.0,271.0,272.0,277.0,273.0,271.0,272.0
270.0,271.0,272.0,277.0,273.0,271.0,271.0,279.0
271.0,272.0,277.0,273.0,271.0,271.0,272.0,280.0
272.0,277.0,273.0,271.0,271.0,272.0,279.0,280.0
277.0,273.0,271.0,271.0,272.0,279.0,280.0,278.0
273.0,271.0,271.0,272.0,279.0,280.0,280.0,278.0
272.0,279.0,280.0,280.0,278.0,278.0,281.0,275.0
279.0,280.0,280.0,278.0,278.0,281.0,277.0,272.0
280.0,280.0,278.0,278.0,281.0,277.0,275.0,269.0
278.0,278.0,281.0,277.0,275.0,272.0,269.0,258.0
278.0,281.0,277.0,275.0,272.0,269.0,264.0,258.0
281.0,277.0,275.0,272.0,269.0,264.0,258.0,257.0
277.0,275.0,272.0,269.0,264.0,258.0,258.0,255.0
275.0,272.0,269.0,264.0,258.0,258.0,257.0,253.0
264.0,258.0,258.0,257.0,255.0,253.0,252.0,247.0
258.0,257.0,255.0,253.0,252.0,249.0,247.0,247.0
257.0,255.0,253.0,252.0,249.0,247.0,247.0,246.0
255.0,253.0,252.0,249.0,247.0,247.0,247.0,248.0
252.0,249.0,247.0,247.0,247.0,246.0,248.0,254.0
249.0,247.0,247.0,247.0,246.0,248.0,249.0,256.0
247.0,247.0,247.0,246.0,248.0,249.0,254.0,264.0
183.0,177.0,170.0,169.0,169.0,164.0,163.0,159.0
177.0,170.0,169.0,169.0,164.0,163.0,159.0,161.0
170.0,169.0,169.0,164.0,163.0,159.0,159.0,164.0
169.0,169.0,164.0,163.0,159.0,159.0,161.0,165.0
164.0,163.0,159.0,159.0,161.0,164.0,165.0,176.0
159.0,159.0,161.0,164.0,165.0,169.0,176.0,182.0
161.0,164.0,165.0,169.0,176.0,179.0,182.0,186.0
169.0,176.0,179.0,182.0,184.0,186.0,190.0,190.0
176.0,179.0,182.0,184.0,186.0,190.0,189.0,196.0
179.0,182.0,184.0,186.0,190.0,189.0,190.0,212.0
184.0,186.0,190.0,189.0,190.0,196.0,212.0,209.0
190.0,189.0,190.0,196.0,212.0,214.0,209.0,209.0
190.0,196.0,212.0,214.0,209.0,207.0,209.0,203.0
196.0,212.0,214.0,209.0,207.0,209.0,206.0,202.0
212.0,214.0,209.0,207.0,209.0,206.0,203.0,199.0
209.0,207.0,209.0,206.0,203.0,202.0,199.0,190.0
207.0,209.0,206.0,203.0,202.0,199.0,193.0,189.0
203.0,202.0,199.0,193.0,190.0,189.0,182.0,176.0
202.0,199.0,193.0,190.0,189.0,182.0,179.0,176.0
199.0,193.0,190.0,189.0,182.0,179.0,176.0,179.0
193.0,190.0,189.0,182.0,179.0,176.0,176.0,180.0
190.0,189.0,182.0,179.0,176.0,176.0,179.0,185.0
189.0,182.0,179.0,176.0,176.0,179.0,180.0,209.0
182.0,179.0,176.0,176.0,179.0,180.0,185.0,217.0
179.0,176.0,176.0,179.0,180.0,185.0,209.0,221.0
217.7,214.7,211.9,210.8,208.0,199.0,199.2,213.0
215.0,212.0,211.0,209.0,199.0,199.0,201.0,213.0
199.0,199.2,202.0909090909091,213.0,212.8,210.8,208.7,209.0
199.2,202.0909090909091,213.0,212.8,210.8,208.7,206.27272727272728,209.0
213.0,212.8,210.8,208.7,206.27272727272728,209.0,209.0,207.0
210.8,208.7,206.27272727272728,209.0,209.0,207.0,207.0,204.0
208.7,206.27272727272728,209.0,209.0,207.0,207.0,197.63636363636363,209.0
206.27272727272728,209.0,209.0,207.0,207.0,197.63636363636363,204.0,209.0
209.0,207.0,207.0,197.63636363636363,204.0,209.0,209.0,209.0
207.0,207.0,197.63636363636363,204.0,209.0,209.0,209.0,209.0
197.63636363636363,204.0,209.0,209.0,209.0,209.0,209.0,205.0
204.0,209.0,209.0,209.0,209.0,209.0,209.0,202.0
209.0,209.0,209.0,209.0,209.0,209.0,205.0,197.0
209.0,209.0,209.0,209.0,209.0,205.0,202.0,197.0
209.0,209.0,209.0,209.0,205.0,202.0,197.0,192.0
205.0,202.0,197.0,197.0,192.0,191.0,188.0,186.0
202.0,197.0,197.0,192.0,191.0,188.0,187.0,177.0
197.0,197.0,192.0,191.0,188.0,187.0,186.0,168.0
192.0,191.0,188.0,187.0,186.0,177.0,168.0,171.0
191.0,188.0,187.0,186.0,177.0,168.0,167.0,167.0
188.0,187.0,186.0,177.0,168.0,167.0,171.0,169.0
187.0,186.0,177.0,168.0,167.0,171.0,167.0,169.0
186.0,177.0,168.0,167.0,171.0,167.0,169.0,167.0
108.0,108.0,107.0,107.0,98.0,85.0,82.0,101.0
107.0,107.0,98.0,85.0,82.0,95.0,101.0,104.0
98.0,85.0,82.0,95.0,101.0,103.0,104.0,109.0
85.0,82.0,95.0,101.0,103.0,104.0,106.0,108.0
82.0,95.0,101.0,103.0,104.0,106.0,109.0,105.0
95.0,101.0,103.0,104.0,106.0,109.0,108.0,106.0
101.0,103.0,104.0,106.0,109.0,108.0,105.0,102.0
103.0,104.0,106.0,109.0,108.0,105.0,106.0,98.0
104.0,106.0,109.0,108.0,105.0,106.0,102.0,95.0
106.0,109.0,108.0,105.0,106.0,102.0,98.0,93.0
109.0,108.0,105.0,106.0,102.0,98.0,95.0,91.0
108.0,105.0,106.0,102.0,98.0,95.0,93.0,90.0
105.0,106.0,102.0,98.0,95.0,93.0,91.0,90.0
106.0,102.0,98.0,95.0,93.0,91.0,90.0,88.0
102.0,98.0,95.0,93.0,91.0,90.0,90.0,83.0
98.0,95.0,93.0,91.0,90.0,90.0,88.0,80.0
95.0,93.0,91.0,90.0,90.0,88.0,83.0,78.0
93.0,91.0,90.0,90.0,88.0,83.0,80.0,83.0
91.0,90.0,90.0,88.0,83.0,80.0,78.0,82.0
90.0,90.0,88.0,83.0,80.0,78.0,83.0,75.0
90.0,88.0,83.0,80.0,78.0,83.0,82.0,64.0
88.0,83.0,80.0,78.0,83.0,82.0,75.0,63.0
83.0,80.0,78.0,83.0,82.0,75.0,64.0,73.0
80.0,78.0,83.0,82.0,75.0,64.0,63.0,82.0
78.0,83.0,82.0,75.0,64.0,63.0,73.0,100.0
82.0,75.0,64.0,63.0,73.0,82.0,100.0,146.0
75.0,64.0,63.0,73.0,82.0,100.0,129.0,148.0
64.0,63.0,73.0,82.0,100.0,129.0,146.0,154.0
63.0,73.0,82.0,100.0,129.0,146.0,148.0,158.0
73.0,82.0,100.0,129.0,146.0,148.0,154.0,165.0
82.0,100.0,129.0,146.0,148.0,154.0,158.0,165.0
100.0,129.0,146.0,148.0,154.0,158.0,165.0,165.0
198.0,188.0,185.0,185.0,185.0,187.0,180.0,168.0
188.0,185.0,185.0,185.0,187.0,180.0,166.0,175.0
185.0,185.0,185.0,187.0,180.0,166.0,168.0,178.0
185.0,185.0,187.0,180.0,166.0,168.0,175.0,180.0
185.0,187.0,180.0,166.0,168.0,175.0,178.0,181.0
187.0,180.0,166.0,168.0,175.0,178.0,180.0,185.0
166.0,168.0,175.0,178.0,180.0,181.0,185.0,180.0
168.0,175.0,178.0,180.0,181.0,185.0,182.0,142.0
175.0,178.0,180.0,181.0,185.0,182.0,180.0,128.0
178.0,180.0,181.0,185.0,182.0,180.0,142.0,161.0
181.4,184.7,181.8,176.2,140.6,131.3,162.5,176.0
185.0,182.0,180.0,142.0,128.0,161.0,176.0,176.0
162.5,176.0,176.0,176.2,176.9090909090909,166.0,169.36363636363637,170.0
176.0,176.0,176.2,176.9090909090909,166.0,169.36363636363637,173.0,181.0
176.0,176.2,176.9090909090909,166.0,169.36363636363637,173.0,170.0,161.0
176.2,176.9090909090909,166.0,169.36363636363637,173.0,170.0,181.0,151.0
176.9090909090909,166.0,169.36363636363637,173.0,170.0,181.0,161.0,147.0
166.0,169.36363636363637,173.0,170.0,181.0,161.0,151.0,137.0
169.36363636363637,173.0,170.0,181.0,161.0,151.0,147.0,146.0
170.0,181.0,161.0,151.0,147.0,137.0,146.0,151.0
181.0,161.0,151.0,147.0,137.0,146.0,150.0,151.0
161.0,151.0,147.0,137.0,146.0,150.0,151.0,153.0
151.0,147.0,137.0,146.0,150.0,151.0,151.0,153.0
137.0,146.0,150.0,151.0,151.0,153.0,153.0,163.0
151.0,151.0,153.0,153.0,153.0,163.0,187.0,226.0
107.0,104.0,104.0,107.0,108.0,108.0,102.0,83.0
104.0,104.0,107.0,108.0,108.0,102.0,85.0,84.0
108.0,108.0,102.0,85.0,83.0,84.0,113.0,129.0
102.0,85.0,83.0,84.0,113.0,127.0,129.0,131.0
85.0,83.0,84.0,113.0,127.0,129.0,130.0,132.0
83.0,84.0,113.0,127.0,129.0,130.0,131.0,135.0
113.0,127.0,129.0,130.0,131.0,132.0,135.0,125.0
129.0,130.0,131.0,132.0,135.0,133.0,125.0,100.0
131.0,132.0,135.0,133.0,125.0,119.0,100.0,94.0
132.0,135.0,133.0,125.0,119.0,100.0,95.0,91.0
135.0,133.0,125.0,119.0,100.0,95.0,94.0,91.0
133.0,125.0,119.0,100.0,95.0,94.0,91.0,102.0
125.0,119.0,100.0,95.0,94.0,91.0,91.0,109.0
119.0,100.0,95.0,94.0,91.0,91.0,102.0,123.0
100.0,95.0,94.0,91.0,91.0,102.0,109.0,125.0
95.0,94.0,91.0,91.0,102.0,109.0,123.0,124.0
94.0,91.0,91.0,102.0,109.0,123.0,125.0,122.0
91.0,91.0,102.0,109.0,123.0,125.0,124.0,122.0
91.0,102.0,109.0,123.0,125.0,124.0,122.0,123.0
109.0,123.0,125.0,124.0,122.0,122.0,123.0,130.0
125.0,124.0,122.0,122.0,123.0,130.0,130.0,127.0
124.0,122.0,122.0,123.0,130.0,130.0,129.0,126.0
122.0,123.0,130.0,130.0,129.0,127.0,126.0,127.0
123.0,130.0,130.0,129.0,127.0,126.0,123.0,136.0
130.0,130.0,129.0,127.0,126.0,123.0,127.0,152.0
130.0,129.0,127.0,126.0,123.0,127.0,136.0,180.0
129.0,127.0,126.0,123.0,127.0,136.0,152.0,197.0
239.0,223.0,216.0,228.0,239.0,224.0,214.0,191.0
223.0,216.0,228.0,239.0,224.0,214.0,202.0,186.0
216.0,228.0,239.0,224.0,214.0,202.0,191.0,182.0
228.0,239.0,224.0,214.0,202.0,191.0,186.0,180.0
239.0,224.0,214.0,202.0,191.0,186.0,182.0,201.0
224.0,214.0,202.0,191.0,186.0,182.0,180.0,205.0
202.0,191.0,186.0,182.0,180.0,201.0,205.0,211.0
186.0,182.0,180.0,201.0,205.0,210.0,211.0,199.0
182.0,180.0,201.0,205.0,210.0,211.0,207.0,196.0
180.0,201.0,205.0,210.0,211.0,207.0,199.0,195.0
201.0,205.0,210.0,211.0,207.0,199.0,196.0,183.0
210.0,211.0,207.0,199.0,196.0,195.0,183.0,182.0
211.0,207.0,199.0,196.0,195.0,183.0,165.0,194.0
207.0,199.0,196.0,195.0,183.0,165.0,182.0,194.0
199.0,196.0,195.0,183.0,165.0,182.0,194.0,193.0
196.0,195.0,183.0,165.0,182.0,194.0,194.0,191.0
195.0,183.0,165.0,182.0,194.0,194.0,193.0,179.0
183.0,165.0,182.0,194.0,194.0,193.0,191.0,168.0
165.0,182.0,194.0,194.0,193.0,191.0,179.0,165.0
182.0,194.0,194.0,193.0,191.0,179.0,168.0,161.0
194.0,194.0,193.0,191.0,179.0,168.0,165.0,165.0
194.0,193.0,191.0,179.0,168.0,165.0,161.0,169.0
193.0,191.0,179.0,168.0,165.0,161.0,165.0,177.0
179.0,168.0,165.0,161.0,165.0,169.0,177.0,176.0
168.0,165.0,161.0,165.0,169.0,177.0,177.0,166.0
165.0,161.0,165.0,169.0,177.0,177.0,176.0,168.0
161.0,165.0,169.0,177.0,177.0,176.0,166.0,179.0
169.0,177.0,177.0,176.0,166.0,168.0,179.0,188.0
177.0,177.0,176.0,166.0,168.0,179.0,183.0,200.0
177.0,176.0,166.0,168.0,179.0,183.0,188.0,211.0
162.1,163.4,167.2,168.3,162.1,163.2,164.72727272727272,159.0
163.4,167.2,168.3,162.1,163.2,164.72727272727272,162.0,157.0
168.3,162.1,163.2,164.72727272727272,162.0,159.0,157.0,155.0
162.0,159.0,157.0,155.0,155.0,154.8181818181818,153.0,149.0
159.0,157.0,155.0,155.0,154.8181818181818,153.0,150.8181818181818,145.0
155.0,155.0,154.8181818181818,153.0,150.8181818181818,149.0,145.0,137.0
155.0,154.8181818181818,153.0,150.8181818181818,149.0,145.0,139.72727272727272,137.0
153.0,150.8181818181818,149.0,145.0,139.72727272727272,137.0,137.0,133.0
150.8181818181818,149.0,145.0,139.72727272727272,137.0,137.0,136.0,131.0
145.0,139.72727272727272,137.0,137.0,136.0,133.0,131.0,124.0
139.72727272727272,137.0,137.0,136.0,133.0,131.0,122.0,124.0
137.0,137.0,136.0,133.0,131.0,122.0,124.0,119.0
137.0,136.0,133.0,131.0,122.0,124.0,124.0,118.0
133.0,131.0,122.0,124.0,124.0,119.0,118.0,112.0
122.0,124.0,124.0,119.0,118.0,115.0,112.0,108.0
124.0,124.0,119.0,118.0,115.0,112.0,111.0,105.0
124.0,119.0,118.0,115.0,112.0,111.0,108.0,106.0
119.0,118.0,115.0,112.0,111.0,108.0,105.0,106.0
118.0,115.0,112.0,111.0,108.0,105.0,106.0,103.0
112.0,111.0,108.0,105.0,106.0,106.0,103.0,93.0
108.0,105.0,106.0,106.0,103.0,94.0,93.0,84.0
106.0,106.0,103.0,94.0,93.0,89.0,84.0,78.0
106.0,103.0,94.0,93.0,89.0,84.0,82.0,76.0
103.0,94.0,93.0,89.0,84.0,82.0,78.0,78.0
140.0,138.0,146.0,143.0,137.0,142.0,141.0,135.0
138.0,146.0,143.0,137.0,142.0,141.0,138.0,79.0
145.7,142.4,137.5,141.9,140.7,137.7,129.4,79.0
137.5,141.9,140.7,137.7,129.4,79.0,79.0,66.0
140.7,137.7,129.4,79.0,79.0,68.72727272727273,66.0,101.0
137.7,129.4,79.0,79.0,68.72727272727273,66.0,85.54545454545455,101.0
129.4,79.0,79.0,68.72727272727273,66.0,85.54545454545455,101.0,92.0
79.0,79.0,68.72727272727273,66.0,85.54545454545455,101.0,101.0,91.0
68.72727272727273,66.0,85.54545454545455,101.0,101.0,92.0,91.0,100.0
66.0,85.54545454545455,101.0,101.0,92.0,91.0,100.9090909090909,98.0
85.54545454545455,101.0,101.0,92.0,91.0,100.9090909090909,100.0,97.0
101.0,101.0,92.0,91.0,100.9090909090909,100.0,98.0,96.0
101.0,92.0,91.0,100.9090909090909,100.0,98.0,97.0,91.0
92.0,91.0,100.9090909090909,100.0,98.0,97.0,96.0,89.0
91.0,100.9090909090909,100.0,98.0,97.0,96.0,91.0,55.0
100.9090909090909,100.0,98.0,97.0,96.0,91.0,89.0,49.0
100.0,98.0,97.0,96.0,91.0,89.0,55.0,54.0
98.0,97.0,96.0,91.0,89.0,55.0,49.0,55.0
97.0,96.0,91.0,89.0,55.0,49.0,54.0,37.0
91.0,89.0,55.0,49.0,54.0,55.0,37.0,46.0
89.0,55.0,49.0,54.0,55.0,37.0,27.0,40.0
54.0,55.0,37.0,27.0,46.0,40.0,31.0,27.0
55.0,37.0,27.0,46.0,40.0,31.0,27.0,29.0
27.0,46.0,40.0,31.0,27.0,27.0,29.0,50.0
46.0,40.0,31.0,27.0,27.0,29.0,31.0,52.0
40.0,31.0,27.0,27.0,29.0,31.0,50.0,48.0
31.0,27.0,27.0,29.0,31.0,50.0,52.0,62.0
193.0,188.0,195.0,202.0,213.0,215.0,213.0,245.0
188.0,195.0,202.0,213.0,215.0,213.0,226.0,244.0
195.0,202.0,213.0,215.0,213.0,226.0,245.0,245.0
202.0,213.0,215.0,213.0,226.0,245.0,244.0,246.0
213.0,215.0,213.0,226.0,245.0,244.0,245.0,262.0
215.0,213.0,226.0,245.0,244.0,245.0,246.0,261.0
213.0,226.0,245.0,244.0,245.0,246.0,262.0,271.0
226.0,245.0,244.0,245.0,246.0,262.0,261.0,280.0
245.0,244.0,245.0,246.0,262.0,261.0,271.0,287.0
244.0,245.0,246.0,262.0,261.0,271.0,280.0,281.0
245.0,246.0,262.0,261.0,271.0,280.0,287.0,277.0
246.0,262.0,261.0,271.0,280.0,287.0,281.0,277.0
271.0,280.0,287.0,281.0,277.0,277.0,280.0,292.0
280.0,287.0,281.0,277.0,277.0,280.0,282.0,297.0
287.0,281.0,277.0,277.0,280.0,282.0,292.0,296.0
277.0,277.0,280.0,282.0,292.0,297.0,296.0,312.0
280.0,282.0,292.0,297.0,296.0,299.0,312.0,313.0
292.0,297.0,296.0,299.0,312.0,313.0,313.0,279.0
296.0,299.0,312.0,313.0,313.0,311.0,279.0,295.0
299.0,312.0,313.0,313.0,311.0,279.0,280.0,306.0
312.0,313.0,313.0,311.0,279.0,280.0,295.0,311.0
313.0,313.0,311.0,279.0,280.0,295.0,306.0,313.0
311.0,279.0,280.0,295.0,306.0,311.0,313.0,285.0
279.0,280.0,295.0,306.0,311.0,313.0,299.0,281.0
280.0,295.0,306.0,311.0,313.0,299.0,285.0,279.0
295.0,306.0,311.0,313.0,299.0,285.0,281.0,276.0
306.0,311.0,313.0,299.0,285.0,281.0,279.0,282.0
266.0,276.0,280.0,281.0,283.0,289.0,293.0,287.0
276.0,280.0,281.0,283.0,289.0,293.0,288.0,294.0
280.0,281.0,283.0,289.0,293.0,288.0,287.0,279.0
281.0,283.0,289.0,293.0,288.0,287.0,294.0,288.0
283.0,289.0,293.0,288.0,287.0,294.0,279.0,290.0
293.0,288.0,287.0,294.0,279.0,288.0,290.0,290.0
288.0,287.0,294.0,279.0,288.0,290.0,287.0,290.0
294.0,279.0,288.0,290.0,287.0,290.0,290.0,293.0
279.0,288.0,290.0,287.0,290.0,290.0,292.0,296.0
288.0,290.0,287.0,290.0,290.0,292.0,293.0,296.0
290.0,287.0,290.0,290.0,292.0,293.0,296.0,293.0
290.0,290.0,292.0,293.0,296.0,296.0,293.0,306.0
292.0,293.0,296.0,296.0,293.0,307.0,306.0,307.0
293.0,296.0,296.0,293.0,307.0,306.0,305.0,297.0
296.0,296.0,293.0,307.0,306.0,305.0,307.0,304.0
296.0,293.0,307.0,306.0,305.0,307.0,297.0,298.0
293.0,307.0,306.0,305.0,307.0,297.0,304.0,296.0
307.0,306.0,305.0,307.0,297.0,304.0,298.0,294.0
306.0,305.0,307.0,297.0,304.0,298.0,296.0,285.0
305.0,307.0,297.0,304.0,298.0,296.0,294.0,285.0
307.0,297.0,304.0,298.0,296.0,294.0,285.0,282.0
297.0,304.0,298.0,296.0,294.0,285.0,285.0,285.0
298.0,296.0,294.0,285.0,285.0,282.0,285.0,287.0
296.0,294.0,285.0,285.0,282.0,285.0,281.0,291.0
294.0,285.0,285.0,282.0,285.0,281.0,287.0,286.0
285.0,284.7,282.3,284.6,281.6,287.4,290.5,287.0
282.3,284.6,281.6,287.4,290.5,286.09090909090907,287.0,288.0
284.6,281.6,287.4,290.5,286.09090909090907,287.0,287.09090909090907,286.0
281.6,287.4,290.5,286.09090909090907,287.0,287.09090909090907,288.0,274.0
275.0,259.8181818181818,278.0,263.0,259.0,247.0,214.0,182.0
259.8181818181818,278.0,263.0,259.0,247.0,214.0,204.0,165.0
278.0,263.0,259.0,247.0,214.0,204.0,182.0,162.0
259.0,247.0,214.0,204.0,182.0,165.0,162.0,159.0
247.0,214.0,204.0,182.0,165.0,162.0,161.0,192.0
214.0,204.0,182.0,165.0,162.0,161.0,159.0,198.0
204.0,182.0,165.0,162.0,161.0,159.0,192.0,193.0
182.0,165.0,162.0,161.0,159.0,192.0,198.0,169.0
165.0,162.0,161.0,159.0,192.0,198.0,193.0,170.0
162.0,161.0,159.0,192.0,198.0,193.0,169.0,172.0
161.0,159.0,192.0,198.0,193.0,169.0,170.0,167.0
198.0,193.0,169.0,170.0,172.0,167.0,133.0,133.0
193.0,169.0,170.0,172.0,167.0,133.0,133.0,121.0
169.0,170.0,172.0,167.0,133.0,133.0,133.0,102.0
170.0,172.0,167.0,133.0,133.0,133.0,121.0,93.0
172.0,167.0,133.0,133.0,133.0,121.0,102.0,83.0
167.0,133.0,133.0,133.0,121.0,102.0,93.0,78.0
133.0,133.0,133.0,121.0,102.0,93.0,83.0,67.0
133.0,133.0,121.0,102.0,93.0,83.0,78.0,67.0
133.0,121.0,102.0,93.0,83.0,78.0,67.0,66.0
121.0,102.0,93.0,83.0,78.0,67.0,67.0,63.0
102.0,93.0,83.0,78.0,67.0,67.0,66.0,55.0
93.0,83.0,78.0,67.0,67.0,66.0,63.0,64.0
83.0,78.0,67.0,67.0,66.0,63.0,55.0,54.0
78.0,67.0,67.0,66.0,63.0,55.0,64.0,41.0
67.0,66.0,63.0,55.0,64.0,54.0,41.0,34.0
66.0,63.0,55.0,64.0,54.0,41.0,38.0,23.0
55.0,64.0,54.0,41.0,38.0,34.0,23.0,56.0
64.0,54.0,41.0,38.0,34.0,23.0,23.0,81.0
92.0,137.0,152.0,153.0,155.0,150.0,159.0,151.0
137.0,152.0,153.0,155.0,150.0,159.0,166.0,149.0
152.0,153.0,155.0,150.0,159.0,166.0,151.0,149.0
153.0,155.0,150.0,159.0,166.0,151.0,149.0,147.0
155.0,150.0,159.0,166.0,151.0,149.0,149.0,117.0
150.0,159.0,166.0,151.0,149.0,149.0,147.0,116.0
159.0,166.0,151.0,149.0,149.0,147.0,117.0,148.0
166.0,151.0,149.0,149.0,147.0,117.0,116.0,143.0
151.0,149.0,149.0,147.0,117.0,116.0,148.0,132.0
149.0,149.0,147.0,117.0,116.0,148.0,143.0,102.0
149.0,147.0,117.0,116.0,148.0,143.0,132.0,87.0
147.0,117.0,116.0,148.0,143.0,132.0,102.0,84.0
117.0,116.0,148.0,143.0,132.0,102.0,87.0,84.0
132.0,102.0,87.0,84.0,84.0,85.0,90.0,142.0
87.0,84.0,84.0,85.0,90.0,132.0,142.0,139.0
84.0,84.0,85.0,90.0,132.0,142.0,141.0,135.0
84.0,85.0,90.0,132.0,142.0,141.0,139.0,133.0
85.0,90.0,132.0,142.0,141.0,139.0,135.0,132.0
90.0,132.0,142.0,141.0,139.0,135.0,133.0,130.0
132.0,142.0,141.0,139.0,135.0,133.0,132.0,124.0
142.0,141.0,139.0,135.0,133.0,132.0,130.0,85.0
141.0,139.0,135.0,133.0,132.0,130.0,124.0,79.0
139.0,135.0,133.0,132.0,130.0,124.0,85.0,74.0
135.0,133.0,132.0,130.0,124.0,85.0,79.0,72.0
133.0,132.0,130.0,124.0,85.0,79.0,74.0,78.0
130.0,124.0,85.0,79.0,74.0,72.0,78.0,67.0
85.0,79.0,74.0,72.0,78.0,85.0,67.0,87.0
74.0,72.0,78.0,85.0,67.0,79.0,87.0,86.0
227.0,192.0,183.0,197.0,232.0,238.0,239.0,225.0
183.0,197.0,232.0,238.0,239.0,229.0,225.0,225.0
197.0,232.0,238.0,239.0,229.0,225.0,224.0,227.0
238.0,228.6,224.9,224.1,225.2,225.9,215.6,212.0
229.0,225.0,224.0,225.0,227.0,216.0,212.0,210.0
224.9,224.1,225.2,225.9,215.6,212.0,212.0,209.0
225.9,215.6,212.0,212.0,209.9090909090909,209.0,214.9,236.0
215.6,212.0,212.0,209.9090909090909,209.0,214.9,216.0,248.0
209.9090909090909,209.0,214.9,216.0,236.0,248.0,249.1,253.0
216.0,236.0,248.0,249.1,250.27272727272728,253.0,255.1,257.0
253.0,255.1,256.09090909090907,257.0,261.0,255.63636363636363,252.0,241.0
255.1,256.09090909090907,257.0,261.0,255.63636363636363,252.0,246.0,234.0
256.09090909090907,257.0,261.0,255.63636363636363,252.0,246.0,241.0,222.0
257.0,261.0,255.63636363636363,252.0,246.0,241.0,234.0,221.0
261.0,255.63636363636363,252.0,246.0,241.0,234.0,222.0,243.0
252.0,246.0,241.0,234.0,222.0,221.0,243.0,246.0
246.0,241.0,234.0,222.0,221.0,243.0,244.0,244.0
241.0,234.0,222.0,221.0,243.0,244.0,246.0,243.0
222.0,221.0,243.0,244.0,246.0,244.0,243.0,241.0
221.0,243.0,244.0,246.0,244.0,243.0,243.0,213.0
243.0,244.0,246.0,244.0,243.0,243.0,241.0,194.0
287.0,282.0,283.0,284.0,287.0,293.0,292.0,284.0
282.0,283.0,284.0,287.0,293.0,292.0,291.0,283.0
283.0,284.0,287.0,293.0,292.0,291.0,284.0,282.0
284.0,287.0,293.0,292.0,291.0,284.0,283.0,282.0
291.0,284.0,283.0,282.0,282.0,282.0,284.0,295.0
282.9,282.0,282.0,282.2,285.09090909090907,296.0,294.54545454545456,275.0
282.0,282.0,282.2,285.09090909090907,296.0,294.54545454545456,290.0,272.0
285.09090909090907,296.0,294.54545454545456,290.0,275.0,272.0,273.1818181818182,275.0
294.54545454545456,290.0,275.0,272.0,273.1818181818182,275.0,275.0,258.0
275.0,272.0,273.1818181818182,275.0,275.0,275.0,258.0,266.0
275.0,275.0,275.0,258.0,236.0,266.0,267.0,264.0
275.0,275.0,258.0,236.0,266.0,267.0,264.0,267.0
275.0,258.0,236.0,266.0,267.0,264.0,264.0,269.0
258.0,236.0,266.0,267.0,264.0,264.0,267.0,271.0
236.0,266.0,267.0,264.0,264.0,267.0,269.0,269.0
266.0,267.0,264.0,264.0,267.0,269.0,271.0,268.0
267.0,269.0,271.0,269.0,268.0,265.0,264.0,269.0
269.0,271.0,269.0,268.0,265.0,264.0,266.0,268.0
271.0,269.0,268.0,265.0,264.0,266.0,269.0,266.0
269.0,268.0,265.0,264.0,266.0,269.0,268.0,265.0
265.0,264.0,266.0,269.0,268.0,266.0,265.0,261.0
131.0,143.0,146.0,149.0,150.0,149.0,147.0,148.0
146.0,149.0,150.0,149.0,147.0,146.0,148.0,148.0
149.0,150.0,149.0,147.0,146.0,148.0,148.0,140.0
150.0,149.0,147.0,146.0,148.0,148.0,148.0,138.0
149.0,147.0,146.0,148.0,148.0,148.0,140.0,146.0
147.0,146.0,148.0,148.0,148.0,140.0,138.0,143.0
146.0,148.0,148.0,148.0,140.0,138.0,146.0,137.0
148.0,148.0,148.0,140.0,138.0,146.0,143.0,134.0
148.0,140.0,138.0,146.0,143.0,137.0,134.0,133.0
140.0,138.0,146.0,143.0,137.0,134.0,133.0,132.0
138.0,146.0,143.0,137.0,134.0,133.0,133.0,130.0
146.0,143.0,137.0,134.0,133.0,133.0,132.0,127.0
143.0,137.0,134.0,133.0,133.0,132.0,130.0,124.0
137.0,134.0,133.0,133.0,132.0,130.0,127.0,122.0
134.0,133.0,133.0,132.0,130.0,127.0,124.0,122.0
133.0,133.0,132.0,130.0,127.0,124.0,122.0,116.0
133.0,132.0,130.0,127.0,124.0,122.0,122.0,113.0
132.0,130.0,127.0,124.0,122.0,122.0,116.0,111.0
130.0,127.0,124.0,122.0,122.0,116.0,113.0,113.0
127.0,124.0,122.0,122.0,116.0,113.0,111.0,105.0
124.0,122.0,122.0,116.0,113.0,111.0,113.0,100.0
122.0,122.0,116.0,113.0,111.0,113.0,105.0,99.0
116.0,113.0,111.0,113.0,105.0,100.0,99.0,95.0
113.0,111.0,113.0,105.0,100.0,99.0,96.0,94.0
111.0,113.0,105.0,100.0,99.0,96.0,95.0,92.0
105.0,100.0,99.0,96.0,95.0,94.0,92.0,89.0
100.0,99.0,96.0,95.0,94.0,92.0,91.0,89.0
99.0,96.0,95.0,94.0,92.0,91.0,89.0,86.0
95.0,94.0,92.0,91.0,89.0,89.0,86.0,86.0
94.0,92.0,91.0,89.0,89.0,86.0,86.0,93.0
92.0,91.0,89.0,89.0,86.0,86.0,86.0,107.0
147.0,141.0,138.0,134.0,128.0,125.0,124.0,144.0
138.0,134.0,128.0,125.0,124.0,141.0,144.0,134.0
127.7,124.9,125.7,141.3,143.54545454545453,139.0,133.3,128.0
124.9,125.7,141.3,143.54545454545453,139.0,133.3,127.0909090909091,129.0
143.54545454545453,139.0,133.3,127.0909090909091,128.0,129.0,119.0,116.0
139.0,133.3,127.0909090909091,128.0,129.0,119.0,116.0,117.0
133.3,127.0909090909091,128.0,129.0,119.0,116.0,116.0,124.0
127.0909090909091,128.0,129.0,119.0,116.0,116.0,117.0,126.0
129.0,119.0,116.0,116.0,117.0,124.0,126.0,131.0
119.0,116.0,116.0,117.0,124.0,126.0,132.0,131.0
116.0,116.0,117.0,124.0,126.0,132.0,131.0,131.0
116.0,117.0,124.0,126.0,132.0,131.0,131.0,128.0
117.0,124.0,126.0,132.0,131.0,131.0,131.0,130.0
124.0,126.0,132.0,131.0,131.0,131.0,128.0,121.0
132.0,131.0,131.0,131.0,128.0,130.0,121.0,110.0
131.0,131.0,128.0,130.0,121.0,115.0,110.0,103.0
131.0,128.0,130.0,121.0,115.0,110.0,107.0,102.0
128.0,130.0,121.0,115.0,110.0,107.0,103.0,108.0
130.0,121.0,115.0,110.0,107.0,103.0,102.0,107.0
115.0,110.0,107.0,103.0,102.0,108.0,107.0,99.0
107.0,103.0,102.0,108.0,107.0,102.0,99.0,102.0
102.0,108.0,107.0,102.0,99.0,105.0,102.0,100.0
60.0,62.0,84.0,114.0,122.0,138.0,142.0,139.0
62.0,84.0,114.0,122.0,138.0,142.0,141.0,138.0
114.0,122.0,138.0,142.0,141.0,139.0,138.0,138.0
122.0,138.0,142.0,141.0,139.0,138.0,137.0,137.0
138.0,142.0,141.0,139.0,138.0,137.0,138.0,139.0
142.0,141.0,139.0,138.0,137.0,138.0,137.0,145.0
141.0,139.0,138.0,137.0,138.0,137.0,139.0,151.0
139.0,138.0,137.0,138.0,137.0,139.0,145.0,157.0
137.0,138.0,137.0,139.0,145.0,151.0,157.0,153.0
138.0,137.0,139.0,145.0,151.0,157.0,154.0,167.0
137.0,139.0,145.0,151.0,157.0,154.0,153.0,175.0
139.0,145.0,151.0,157.0,154.0,153.0,167.0,182.0
145.0,151.0,157.0,154.0,153.0,167.0,175.0,186.0
151.0,157.0,154.0,153.0,167.0,175.0,182.0,188.0
154.0,153.0,167.0,175.0,182.0,186.0,188.0,190.0
153.0,167.0,175.0,182.0,186.0,188.0,188.0,197.0
175.0,182.0,186.0,188.0,188.0,190.0,197.0,207.0
182.0,186.0,188.0,188.0,190.0,197.0,203.0,205.0
186.0,188.0,188.0,190.0,197.0,203.0,207.0,202.0
188.0,188.0,190.0,197.0,203.0,207.0,205.0,200.0
188.0,190.0,197.0,203.0,207.0,205.0,202.0,194.0
190.0,197.0,203.0,207.0,205.0,202.0,200.0,185.0
207.0,205.0,202.0,200.0,194.0,185.0,167.0,159.0
205.0,202.0,200.0,194.0,185.0,167.0,154.0,159.0
211.0,214.0,215.0,216.0,220.0,228.0,225.0,215.0
216.0,220.0,228.0,225.0,216.0,215.0,215.0,220.0
220.0,228.0,225.0,216.0,215.0,215.0,219.0,223.0
228.0,225.0,216.0,215.0,215.0,219.0,220.0,224.0
225.0,216.0,215.0,215.0,219.0,220.0,223.0,230.0
216.0,215.0,215.0,219.0,220.0,223.0,224.0,226.0
219.0,220.0,223.0,224.0,230.0,226.0,223.0,211.0
224.0,230.0,226.0,223.0,222.0,211.0,200.0,209.0
230.0,226.0,223.0,222.0,211.0,200.0,208.0,228.0
223.0,222.0,211.0,200.0,208.0,209.0,228.0,226.0
222.0,211.0,200.0,208.0,209.0,228.0,228.0,226.0
211.0,200.0,208.0,209.0,228.0,228.0,226.0,226.0
208.0,209.0,228.0,228.0,226.0,226.0,226.0,221.0
209.0,228.0,228.0,226.0,226.0,226.0,221.0,223.0
228.0,228.0,226.0,226.0,226.0,221.0,221.0,221.0
228.0,226.0,226.0,226.0,221.0,221.0,223.0,212.0
226.0,226.0,226.0,221.0,221.0,223.0,221.0,208.0
226.0,226.0,221.0,221.0,223.0,221.0,212.0,206.0
226.0,221.0,221.0,223.0,221.0,212.0,208.0,203.0
221.0,221.0,223.0,221.0,212.0,208.0,206.0,202.0
221.2,222.8,220.1,211.6,207.8,205.7,202.9,201.0
220.1,211.6,207.8,205.7,202.9,201.9090909090909,201.0,206.0
207.8,205.7,202.9,201.9090909090909,201.0,202.0,206.0,190.0
205.7,202.9,201.9090909090909,201.0,202.0,206.0,197.27272727272728,188.0
255.0,246.0,235.0,234.0,242.72727272727272,240.0,239.0,221.0
235.0,234.0,242.72727272727272,240.0,239.0,227.0,221.0,215.0
242.72727272727272,240.0,239.0,227.0,221.0,223.0,215.0,205.0
240.0,239.0,227.0,221.0,223.0,215.0,208.0,203.0
239.0,227.0,221.0,223.0,215.0,208.0,205.0,207.0
227.0,221.0,223.0,215.0,208.0,205.0,203.0,211.0
221.0,223.0,215.0,208.0,205.0,203.0,207.0,209.0
223.0,215.0,208.0,205.0,203.0,207.0,211.0,206.0
215.0,208.0,205.0,203.0,207.0,211.0,209.0,204.0
208.0,205.0,203.0,207.0,211.0,209.0,206.0,203.0
203.0,207.0,211.0,209.0,206.0,204.0,203.0,201.0
207.0,211.0,209.0,206.0,204.0,203.0,202.0,199.0
211.0,209.0,206.0,204.0,203.0,202.0,201.0,194.0
209.0,206.0,204.0,203.0,202.0,201.0,199.0,179.0
204.0,203.0,202.0,201.0,199.0,194.0,179.0,163.0
203.0,202.0,201.0,199.0,194.0,179.0,168.0,161.0
202.0,201.0,199.0,194.0,179.0,168.0,163.0,159.0
201.0,199.0,194.0,179.0,168.0,163.0,161.0,158.0
194.0,179.0,168.0,163.0,161.0,159.0,158.0,170.0
179.0,168.0,163.0,161.0,159.0,158.0,163.0,166.0
168.0,163.0,161.0,159.0,158.0,163.0,170.0,157.0
163.0,161.0,159.0,158.0,163.0,170.0,166.0,157.0
159.0,158.0,163.0,170.0,166.0,157.0,157.0,144.0
158.0,163.0,170.0,166.0,157.0,157.0,158.0,137.0
170.0,166.0,157.0,157.0,158.0,144.0,137.0,145.0
166.0,157.0,157.0,158.0,144.0,137.0,136.0,144.0
157.0,157.0,158.0,144.0,137.0,136.0,145.0,131.0
157.0,158.0,144.0,137.0,136.0,145.0,144.0,130.0
158.0,144.0,137.0,136.0,145.0,144.0,131.0,124.0
164.0,173.0,171.0,174.0,172.0,178.0,182.0,187.0
171.0,174.0,172.0,178.0,182.0,185.0,187.0,188.0
174.0,172.0,178.0,182.0,185.0,187.0,188.0,189.0
178.0,182.0,185.0,187.0,188.0,188.0,189.0,198.0
182.0,185.0,187.0,188.0,188.0,189.0,198.0,190.0
185.0,187.0,188.0,188.0,189.0,198.0,198.0,181.0
187.0,188.0,188.0,189.0,198.0,198.0,190.0,179.0
188.0,188.0,189.0,198.0,198.0,190.0,181.0,185.0
189.0,198.0,198.0,190.0,181.0,179.0,185.0,188.0
190.0,181.0,179.0,185.0,189.0,188.0,177.0,165.0
181.0,179.0,185.0,189.0,188.0,177.0,166.0,165.0
179.0,185.0,189.0,188.0,177.0,166.0,165.0,164.0
185.0,189.0,188.0,177.0,166.0,165.0,165.0,183.0
189.0,188.0,177.0,166.0,165.0,165.0,164.0,190.0
188.0,177.0,166.0,165.0,165.0,164.0,183.0,188.0
166.0,165.0,165.0,164.0,183.0,190.0,188.0,177.0
165.0,164.0,183.0,190.0,188.0,182.0,177.0,163.0
164.0,183.0,190.0,188.0,182.0,177.0,172.0,157.0
183.0,190.0,188.0,182.0,177.0,172.0,163.0,153.0
190.0,188.0,182.0,177.0,172.0,163.0,157.0,150.0
188.0,182.0,177.0,172.0,163.0,157.0,153.0,139.0
182.0,177.0,172.0,163.0,157.0,153.0,150.0,139.0
177.0,172.0,163.0,157.0,153.0,150.0,139.0,146.0
172.0,163.0,157.0,153.0,150.0,139.0,139.0,147.0
163.0,157.0,153.0,150.0,139.0,139.0,146.0,145.0
157.0,153.0,150.0,139.0,139.0,146.0,147.0,140.0
153.0,150.0,139.0,139.0,146.0,147.0,145.0,131.0
150.0,139.0,139.0,146.0,147.0,145.0,140.0,128.0
139.0,139.0,146.0,147.0,145.0,140.0,131.0,122.0
184.0,187.0,190.0,194.0,195.0,196.0,197.0,199.0
190.0,194.0,195.0,196.0,197.0,198.0,199.0,189.0
195.0,196.0,197.0,198.0,199.0,193.0,189.0,191.0
196.0,197.0,198.0,199.0,193.0,189.0,191.0,185.0
198.0,199.0,193.0,189.0,191.0,191.0,185.0,178.0
199.0,193.0,189.0,191.0,191.0,185.0,182.0,175.0
193.0,189.0,191.0,191.0,185.0,182.0,178.0,172.0
189.0,191.0,191.0,185.0,182.0,178.0,175.0,170.0
191.0,185.0,182.0,178.0,175.0,172.0,170.0,164.0
185.0,182.0,178.0,175.0,172.0,170.0,168.0,156.0
167.6,163.2,155.9090909090909,155.0,161.8,159.7,156.7,150.0
163.2,155.9090909090909,155.0,161.8,159.7,156.7,153.63636363636363,144.0
155.0,161.8,159.7,156.7,153.63636363636363,150.0,144.0,136.0
161.8,159.7,156.7,153.63636363636363,150.0,144.0,139.0,134.0
159.7,156.7,153.63636363636363,150.0,144.0,139.0,136.0,133.0
156.7,153.63636363636363,150.0,144.0,139.0,136.0,134.0,134.0
139.0,136.0,134.0,133.0,134.0,131.0,128.0,125.0
136.0,134.0,133.0,134.0,131.0,128.0,125.0,126.0
134.0,133.0,134.0,131.0,128.0,125.0,125.0,126.0
133.0,134.0,131.0,128.0,125.0,125.0,126.0,124.0
134.0,131.0,128.0,125.0,125.0,126.0,126.0,122.0
