276.0,273.7,270.3,264.2,266.7,272.8,271.0,257.0
273.7,270.3,264.2,266.7,272.8,271.0,269.72727272727275,255.0
270.3,264.2,266.7,272.8,271.0,269.72727272727275,257.0,248.0
266.7,272.8,271.0,269.72727272727275,257.0,255.0,248.0,223.0
272.8,271.0,269.72727272727275,257.0,255.0,248.0,229.36363636363637,222.0
271.0,269.72727272727275,257.0,255.0,248.0,229.36363636363637,223.0,223.0
269.72727272727275,257.0,255.0,248.0,229.36363636363637,223.0,222.0,224.0
257.0,255.0,248.0,229.36363636363637,223.0,222.0,223.0,231.0
255.0,248.0,229.36363636363637,223.0,222.0,223.0,224.0,237.0
248.0,229.36363636363637,223.0,222.0,223.0,224.0,231.0,245.0
229.36363636363637,223.0,222.0,223.0,224.0,231.0,237.0,251.0
223.0,222.0,223.0,224.0,231.0,237.0,245.0,250.0
222.0,223.0,224.0,231.0,237.0,245.0,251.0,225.0
223.0,224.0,231.0,237.0,245.0,251.0,250.0,211.0
224.0,231.0,237.0,245.0,251.0,250.0,225.0,203.0
231.0,237.0,245.0,251.0,250.0,225.0,211.0,197.0
251.0,250.0,225.0,211.0,203.0,197.0,190.0,191.0
250.0,225.0,211.0,203.0,197.0,190.0,196.0,184.0
211.0,203.0,197.0,190.0,196.0,191.0,184.0,181.0
203.0,197.0,190.0,196.0,191.0,184.0,181.0,186.0
197.0,190.0,196.0,191.0,184.0,181.0,181.0,183.0
190.0,196.0,191.0,184.0,181.0,181.0,186.0,182.0
196.0,191.0,184.0,181.0,181.0,186.0,183.0,186.0
191.0,184.0,181.0,181.0,186.0,183.0,182.0,163.0
184.0,181.0,181.0,186.0,183.0,182.0,186.0,177.0
181.0,181.0,186.0,183.0,182.0,186.0,163.0,201.0
181.0,186.0,183.0,182.0,186.0,163.0,177.0,205.0
186.0,183.0,182.0,186.0,163.0,177.0,201.0,208.0
149.0,130.0,120.0,113.0,112.0,108.0,107.0,100.0
130.0,120.0,113.0,112.0,108.0,107.0,102.0,114.0
112.0,108.0,107.0,102.0,100.0,114.0,121.0,129.0
108.0,107.0,102.0,100.0,114.0,121.0,125.0,132.0
107.0,102.0,100.0,114.0,121.0,125.0,129.0,137.0
102.0,100.0,114.0,121.0,125.0,129.0,132.0,143.0
100.0,114.0,121.0,125.0,129.0,132.0,137.0,147.0
114.0,121.0,125.0,129.0,132.0,137.0,143.0,146.0
121.0,125.0,129.0,132.0,137.0,143.0,147.0,143.0
125.0,129.0,132.0,137.0,143.0,147.0,146.0,141.0
129.0,132.0,137.0,143.0,147.0,146.0,143.0,141.0
137.0,143.0,147.0,146.0,143.0,141.0,141.0,134.0
147.0,146.0,143.0,141.0,141.0,135.0,134.0,128.0
146.0,143.0,141.0,141.0,135.0,134.0,132.0,126.0
143.0,141.0,141.0,135.0,134.0,132.0,128.0,123.0
141.0,135.0,134.0,132.0,128.0,126.0,123.0,115.0
135.0,134.0,132.0,128.0,126.0,123.0,121.0,110.0
132.0,128.0,126.0,123.0,121.0,115.0,110.0,106.0
128.0,126.0,123.0,121.0,115.0,110.0,107.0,100.0
126.0,123.0,121.0,115.0,110.0,107.0,106.0,95.0
123.0,121.0,115.0,110.0,107.0,106.0,100.0,90.0
121.0,115.0,110.0,107.0,106.0,100.0,95.0,89.0
115.0,110.0,107.0,106.0,100.0,95.0,90.0,90.0
110.0,107.0,106.0,100.0,95.0,90.0,89.0,89.0
107.0,106.0,100.0,95.0,90.0,89.0,90.0,89.0
100.0,95.0,90.0,89.0,90.0,89.0,89.0,96.0
95.0,90.0,89.0,90.0,89.0,89.0,91.0,95.0
240.0,228.0,218.0,212.0,208.0,206.0,199.0,194.0
228.0,218.0,212.0,208.0,206.0,199.0,194.0,195.0
218.0,212.0,208.0,206.0,199.0,194.0,194.0,197.0
212.0,208.0,206.0,199.0,194.0,194.0,195.0,204.0
208.0,206.0,199.0,194.0,194.0,195.0,197.0,204.0
206.0,199.0,194.0,194.0,195.0,197.0,204.0,203.0
199.0,194.0,194.0,195.0,197.0,204.0,204.0,202.0
194.0,195.0,197.0,204.0,204.0,203.0,202.0,196.0
197.0,204.0,204.0,203.0,202.0,202.0,196.0,188.0
204.0,204.0,203.0,202.0,202.0,196.0,191.0,179.0
203.0,202.0,202.0,196.0,191.0,188.0,179.0,174.0
202.0,196.0,191.0,188.0,179.0,176.0,174.0,168.0
196.0,191.0,188.0,179.0,176.0,174.0,173.0,166.0
188.0,179.0,176.0,174.0,173.0,168.0,166.0,166.0
174.0,173.0,168.0,166.0,165.0,166.0,163.0,161.0
173.0,168.0,166.0,165.0,166.0,163.0,162.0,159.0
168.0,166.0,165.0,166.0,163.0,162.0,161.0,164.0
166.0,165.0,166.0,163.0,162.0,161.0,159.0,169.0
165.0,166.0,163.0,162.0,161.0,159.0,164.0,171.0
165.7,162.9,161.9,160.8,159.5,164.5,169.2,171.0
163.0,162.0,161.0,159.0,164.0,169.0,171.0,166.0
189.0,201.0,202.0,198.0,196.0,190.0,185.0,183.0
182.6,178.7,175.5,170.9090909090909,170.0,168.0,166.9,164.0
178.7,175.5,170.9090909090909,170.0,168.0,166.9,165.8181818181818,162.0
175.5,170.9090909090909,170.0,168.0,166.9,165.8181818181818,164.0,163.0
170.9090909090909,170.0,168.0,166.9,165.8181818181818,164.0,162.0,168.0
170.0,168.0,166.9,165.8181818181818,164.0,162.0,163.0,176.0
168.0,166.9,165.8181818181818,164.0,162.0,163.0,168.0,178.0
166.9,165.8181818181818,164.0,162.0,163.0,168.0,176.0,177.0
165.8181818181818,164.0,162.0,163.0,168.0,176.0,178.0,176.0
164.0,162.0,163.0,168.0,176.0,178.0,177.0,176.0
162.0,163.0,168.0,176.0,178.0,177.0,176.0,170.0
163.0,168.0,176.0,178.0,177.0,176.0,176.0,169.0
168.0,176.0,178.0,177.0,176.0,176.0,170.0,171.0
176.0,178.0,177.0,176.0,176.0,170.0,169.0,171.0
177.0,176.0,176.0,170.0,169.0,171.0,171.0,172.0
176.0,176.0,170.0,169.0,171.0,171.0,172.0,170.0
176.0,170.0,169.0,171.0,171.0,172.0,172.0,170.0
171.0,171.0,172.0,172.0,170.0,170.0,168.0,159.0
171.0,172.0,172.0,170.0,170.0,168.0,163.0,152.0
172.0,172.0,170.0,170.0,168.0,163.0,159.0,149.0
172.0,170.0,170.0,168.0,163.0,159.0,152.0,147.0
170.0,170.0,168.0,163.0,159.0,152.0,149.0,144.0
168.0,163.0,159.0,152.0,149.0,147.0,144.0,139.0
163.0,159.0,152.0,149.0,147.0,144.0,142.0,136.0
243.0,236.0,234.0,240.0,253.0,270.0,289.0,293.0
234.0,240.0,253.0,270.0,289.0,292.0,293.0,295.0
240.0,253.0,270.0,289.0,292.0,293.0,295.0,298.0
289.0,292.0,293.0,295.0,295.0,298.0,300.0,290.0
292.0,293.0,295.0,295.0,298.0,300.0,297.0,289.0
293.0,295.0,295.0,298.0,300.0,297.0,290.0,288.0
295.0,295.0,298.0,300.0,297.0,290.0,289.0,291.0
298.0,300.0,297.0,290.0,289.0,288.0,291.0,287.0
300.0,297.0,290.0,289.0,288.0,291.0,289.0,284.0
297.0,290.0,289.0,288.0,291.0,289.0,287.0,279.0
290.0,289.0,288.0,291.0,289.0,287.0,284.0,272.0
174.0,160.0,144.0,136.0,133.0,131.0,119.0,109.0
160.0,144.0,136.0,133.0,131.0,119.0,113.0,106.0
144.0,136.0,133.0,131.0,119.0,113.0,109.0,104.0
136.0,133.0,131.0,119.0,113.0,109.0,106.0,105.0
131.0,119.0,113.0,109.0,106.0,104.0,105.0,108.0
119.0,113.0,109.0,106.0,104.0,105.0,107.0,108.0
113.0,109.0,106.0,104.0,105.0,107.0,108.0,107.0
109.0,106.0,104.0,105.0,107.0,108.0,108.0,107.0
104.0,105.0,107.0,108.0,108.0,107.0,107.0,115.0
107.0,108.0,108.0,107.0,107.0,112.0,115.0,120.0
108.0,108.0,107.0,107.0,112.0,115.0,117.0,119.0
107.0,107.0,112.0,115.0,117.0,120.0,119.0,121.0
107.0,112.0,115.0,117.0,120.0,119.0,119.0,130.0
117.0,120.0,119.0,119.0,121.0,130.0,132.0,139.0
119.0,121.0,130.0,132.0,135.0,139.0,142.0,147.0
130.0,132.0,135.0,139.0,142.0,145.0,147.0,154.0
132.0,135.0,139.0,142.0,145.0,147.0,149.0,154.0
135.0,139.0,142.0,145.0,147.0,149.0,154.0,159.0
139.0,142.0,145.0,147.0,149.0,154.0,154.0,161.0
145.0,147.0,149.0,154.0,154.0,159.0,161.0,166.0
147.0,149.0,154.0,154.0,159.0,161.0,161.0,166.0
154.0,154.0,159.0,161.0,161.0,166.0,166.0,171.0
154.0,159.0,161.0,161.0,166.0,166.0,168.0,176.0
159.0,161.0,161.0,166.0,166.0,168.0,171.0,179.0
161.0,161.0,166.0,166.0,168.0,171.0,176.0,182.0
56.0,55.0,61.0,66.0,67.0,81.0,98.0,119.0
55.0,61.0,66.0,67.0,81.0,98.0,109.0,139.0
61.0,66.0,67.0,81.0,98.0,109.0,119.0,145.0
66.0,67.0,81.0,98.0,109.0,119.0,139.0,139.0
67.0,81.0,98.0,109.0,119.0,139.0,145.0,124.0
98.0,109.0,119.0,139.0,145.0,139.0,124.0,110.0
109.0,119.0,139.0,145.0,139.0,124.0,114.0,103.0
119.0,139.0,145.0,139.0,124.0,114.0,110.0,99.0
139.0,145.0,139.0,124.0,114.0,110.0,103.0,94.0
124.0,114.0,110.0,103.0,99.0,94.0,93.0,105.0
114.0,110.0,103.0,99.0,94.0,93.0,93.0,124.0
106.9,125.5,139.0,139.0,139.2,140.1,131.5,131.0
125.5,139.0,139.0,139.2,140.1,131.5,127.36363636363636,131.0
139.0,139.2,140.1,131.5,127.36363636363636,131.0,131.0,124.0
139.2,140.1,131.5,127.36363636363636,131.0,131.0,126.0,131.0
131.5,127.36363636363636,131.0,131.0,126.0,124.0,131.0,131.0
131.0,131.0,126.0,124.0,131.0,131.9090909090909,131.0,145.0
131.0,126.0,124.0,131.0,131.9090909090909,131.0,142.0,147.0
131.0,131.9090909090909,131.0,142.0,145.0,147.0,151.0,160.0
131.0,142.0,145.0,147.0,151.0,157.0,160.0,163.0
142.0,145.0,147.0,151.0,157.0,160.0,161.0,165.0
195.0,196.0,193.0,192.0,194.0,197.0,196.0,198.0
192.0,194.0,197.0,196.0,197.0,198.0,198.0,206.0
197.0,196.0,197.0,198.0,198.0,203.0,206.0,203.0
196.0,197.0,198.0,198.0,203.0,206.0,205.0,203.0
197.0,198.0,198.0,203.0,206.0,205.0,203.0,202.0
198.0,198.0,203.0,206.0,205.0,203.0,203.0,203.0
198.0,203.0,206.0,205.0,203.0,203.0,202.0,203.0
206.0,205.0,203.0,203.0,202.0,203.0,203.0,203.0
205.0,203.0,203.0,202.0,203.0,203.0,202.0,204.0
203.0,203.0,202.0,203.0,203.0,202.0,203.0,203.0
203.0,202.0,203.0,203.0,202.0,203.0,204.0,201.0
202.0,203.0,203.0,202.0,203.0,204.0,203.0,199.0
203.0,202.0,203.0,204.0,203.0,201.0,199.0,194.0
202.0,203.0,204.0,203.0,201.0,199.0,196.0,191.0
203.0,204.0,203.0,201.0,199.0,196.0,194.0,190.0
204.0,203.0,201.0,199.0,196.0,194.0,191.0,189.0
203.0,201.0,199.0,196.0,194.0,191.0,190.0,188.0
201.0,199.0,196.0,194.0,191.0,190.0,189.0,187.0
199.0,196.0,194.0,191.0,190.0,189.0,188.0,188.0
196.0,194.0,191.0,190.0,189.0,188.0,187.0,186.0
194.0,191.0,190.0,189.0,188.0,187.0,188.0,181.0
191.0,190.0,189.0,188.0,187.0,188.0,186.0,179.0
190.0,189.0,188.0,187.0,188.0,186.0,181.0,179.0
189.0,188.0,187.0,188.0,186.0,181.0,179.0,183.0
188.0,187.0,188.0,186.0,181.0,179.0,179.0,183.0
188.0,186.0,181.0,179.0,179.0,183.0,183.0,186.0
181.0,179.0,179.0,183.0,183.0,186.0,186.0,169.0
147.0,143.0,141.0,138.0,134.0,132.0,125.0,113.0
143.0,141.0,138.0,134.0,132.0,125.0,119.0,110.0
125.0,119.0,113.0,110.0,107.0,106.0,104.0,104.0
119.0,113.0,110.0,107.0,106.0,104.0,104.0,104.0
113.0,110.0,107.0,106.0,104.0,104.0,104.0,103.0
110.0,107.0,106.0,104.0,104.0,104.0,104.0,98.0
106.0,104.0,104.0,104.0,104.0,103.0,98.0,98.0
104.0,104.0,104.0,104.0,103.0,98.0,98.0,99.0
104.0,104.0,104.0,103.0,98.0,98.0,98.0,100.0
104.0,104.0,103.0,98.0,98.0,98.0,99.0,100.0
104.0,103.0,98.0,98.0,98.0,99.0,100.0,100.0
103.0,98.0,98.0,98.0,99.0,100.0,100.0,99.0
98.0,98.0,98.0,99.0,100.0,100.0,100.0,97.0
98.0,98.0,99.0,100.0,100.0,100.0,99.0,97.0
98.0,99.0,100.0,100.0,100.0,99.0,97.0,94.0
99.0,100.0,100.0,100.0,99.0,97.0,97.0,90.0
100.0,100.0,99.9,98.8,97.0,96.7,93.6,91.0
100.0,100.0,99.0,97.0,97.0,94.0,90.0,88.0
93.6,90.0909090909091,91.0,87.5,83.0,83.0,83.18181818181819,84.0
87.5,83.0,83.0,83.18181818181819,85.0,84.0,82.6,79.0
83.0,83.0,83.18181818181819,85.0,84.0,82.6,79.0,79.0
83.18181818181819,85.0,84.0,82.6,79.0,79.0,79.0,88.0
314.0,313.90909090909093,313.0,304.0,299.0,283.0,271.0,250.0
313.90909090909093,313.0,304.0,299.0,283.0,271.0,256.0,233.0
313.0,304.0,299.0,283.0,271.0,256.0,250.0,203.0
299.0,283.0,271.0,256.0,250.0,233.0,203.0,183.0
271.0,256.0,250.0,233.0,203.0,189.0,183.0,171.0
189.0,183.0,179.0,171.0,163.0,157.0,152.0,140.0
179.0,171.0,163.0,157.0,152.0,147.0,140.0,120.0
171.0,163.0,157.0,152.0,147.0,140.0,130.0,114.0
163.0,157.0,152.0,147.0,140.0,130.0,120.0,113.0
157.0,152.0,147.0,140.0,130.0,120.0,114.0,114.0
152.0,147.0,140.0,130.0,120.0,114.0,113.0,114.0
147.0,140.0,130.0,120.0,114.0,113.0,114.0,110.0
140.0,130.0,120.0,114.0,113.0,114.0,114.0,105.0
130.0,120.0,114.0,113.0,114.0,114.0,110.0,100.0
120.0,114.0,113.0,114.0,114.0,110.0,105.0,95.0
114.0,113.0,114.0,114.0,110.0,105.0,100.0,88.0
114.0,114.0,110.0,105.0,100.0,95.0,88.0,81.0
114.0,110.0,105.0,100.0,95.0,88.0,84.0,75.0
95.0,88.0,84.0,81.0,75.0,73.0,70.0,64.0
88.0,84.0,81.0,75.0,73.0,70.0,67.0,64.0
84.0,81.0,75.0,73.0,70.0,67.0,64.0,65.0
75.0,73.0,70.0,67.0,64.0,64.0,65.0,67.0
73.0,70.0,67.0,64.0,64.0,65.0,64.0,68.0
153.0,149.0,148.0,155.0,171.0,180.0,187.0,191.0
149.0,148.0,155.0,171.0,180.0,187.0,194.0,198.0
148.0,155.0,171.0,180.0,187.0,194.0,191.0,204.0
171.0,180.0,187.0,194.0,191.0,198.0,204.0,213.0
187.7,193.7,191.7,198.6,204.5,209.4,213.2,210.0
193.7,191.7,198.6,204.5,209.4,213.2,214.54545454545453,207.0
213.2,214.54545454545453,210.0,207.0,213.27272727272728,216.0,217.0,220.0
210.0,207.0,213.27272727272728,216.0,217.0,217.27272727272728,220.0,218.0
213.27272727272728,216.0,217.0,217.27272727272728,220.0,220.0,218.0,216.0
217.0,217.27272727272728,220.0,220.0,218.0,215.0,216.0,203.0
217.27272727272728,220.0,220.0,218.0,215.0,216.0,205.0,200.0
220.0,220.0,218.0,215.0,216.0,205.0,203.0,200.0
220.0,218.0,215.0,216.0,205.0,203.0,200.0,197.0
215.0,216.0,205.0,203.0,200.0,200.0,197.0,196.0
216.0,205.0,203.0,200.0,200.0,197.0,202.0,196.0
205.0,203.0,200.0,200.0,197.0,202.0,196.0,188.0
203.0,200.0,200.0,197.0,202.0,196.0,196.0,169.0
200.0,200.0,197.0,202.0,196.0,196.0,188.0,170.0
200.0,197.0,202.0,196.0,196.0,188.0,169.0,174.0
197.0,202.0,196.0,196.0,188.0,169.0,170.0,173.0
202.0,196.0,196.0,188.0,169.0,170.0,174.0,170.0
196.0,196.0,188.0,169.0,170.0,174.0,173.0,172.0
188.0,169.0,170.0,174.0,173.0,170.0,172.0,167.0
170.0,174.0,173.0,170.0,172.0,175.0,167.0,138.0
133.0,135.0,137.0,124.0,108.0,109.0,109.0,107.0
135.0,137.0,124.0,108.0,109.0,109.0,110.0,104.0
108.0,109.0,109.0,110.0,107.0,104.0,103.0,102.0
107.0,104.0,103.0,103.0,102.0,101.0,105.0,109.0
104.0,103.0,103.0,102.0,101.0,105.0,109.0,115.0
103.0,103.0,102.0,101.0,105.0,109.0,109.0,121.0
103.0,102.0,101.0,105.0,109.0,109.0,115.0,132.0
102.0,101.0,105.0,109.0,109.0,115.0,121.0,136.0
101.0,105.0,109.0,109.0,115.0,121.0,132.0,146.0
105.0,109.0,109.0,115.0,121.0,132.0,136.0,155.0
115.0,121.0,132.0,136.0,146.0,155.0,154.0,156.0
132.0,136.0,146.0,155.0,154.0,155.0,156.0,144.0
136.0,146.0,155.0,154.0,155.0,156.0,156.0,146.0
146.0,155.0,154.0,155.0,156.0,156.0,144.0,146.0
155.0,154.0,155.0,156.0,156.0,144.0,146.0,147.0
154.0,155.0,156.0,156.0,144.0,146.0,146.0,160.0
155.0,156.0,156.0,144.0,146.0,146.0,147.0,157.0
156.0,144.0,146.0,146.0,147.0,160.0,157.0,152.0
144.0,146.0,146.0,147.0,160.0,157.0,154.0,150.0
146.0,147.0,160.0,157.0,154.0,152.0,150.0,152.0
147.0,160.0,157.0,154.0,152.0,150.0,149.0,140.0
154.0,152.0,150.0,149.0,152.0,140.0,139.0,134.0
152.0,150.0,149.0,152.0,140.0,139.0,136.0,133.0
190.0,192.0,191.0,188.0,185.0,179.0,175.0,173.0
192.0,191.0,188.0,185.0,179.0,175.0,174.0,179.0
188.0,185.0,179.0,175.0,174.0,173.0,179.0,170.0
185.0,179.0,175.0,174.0,173.0,179.0,172.0,179.0
179.0,175.0,174.0,173.0,179.0,172.0,170.0,180.0
175.0,174.0,173.0,179.0,172.0,170.0,179.0,180.0
174.0,173.0,179.0,172.0,170.0,179.0,180.0,178.0
179.0,172.0,170.0,179.0,180.0,180.0,178.0,179.0
172.0,170.0,179.0,180.0,180.0,178.0,178.0,179.0
170.0,179.0,180.0,180.0,178.0,178.0,179.0,180.0
179.0,180.0,180.0,178.0,178.0,179.0,179.0,180.0
180.0,178.0,178.0,179.0,179.0,180.0,180.0,179.0
178.0,179.0,179.0,180.0,180.0,179.0,179.0,175.0
180.0,179.0,179.0,178.0,175.0,170.0,169.0,164.0
179.0,179.0,178.0,175.0,170.0,169.0,166.0,163.0
179.0,178.0,175.0,170.0,169.0,166.0,164.0,154.0
178.0,175.0,170.0,169.0,166.0,164.0,163.0,150.0
175.0,170.0,169.0,166.0,164.0,163.0,154.0,135.0
170.0,169.0,166.0,164.0,163.0,154.0,150.0,112.0
169.0,166.0,164.0,163.0,154.0,150.0,135.0,113.0
164.0,163.0,154.0,150.0,135.0,112.0,113.0,138.0
150.0,135.0,112.0,113.0,135.0,138.0,138.0,134.0
112.0,113.0,135.0,138.0,138.0,134.0,134.0,132.0
113.0,135.0,138.0,138.0,134.0,134.0,132.0,125.0
272.0,264.0,265.0,265.0,260.0,266.0,259.0,280.0
264.0,265.0,265.0,260.0,266.0,259.0,269.0,280.0
265.0,260.0,266.0,259.0,269.0,280.0,280.0,274.0
260.0,266.0,259.0,269.0,280.0,280.0,284.0,275.0
266.0,259.0,269.0,280.0,280.0,284.0,274.0,281.0
259.0,269.0,280.0,280.0,284.0,274.0,275.0,283.0
269.0,280.0,280.0,284.0,274.0,275.0,281.0,284.0
280.0,280.0,284.0,274.0,275.0,281.0,283.0,285.0
280.0,284.0,274.0,275.0,281.0,283.0,284.0,285.0
284.0,274.0,275.0,281.0,283.0,284.0,285.0,285.0
274.0,275.0,281.0,283.0,284.0,285.0,285.0,303.0
275.0,281.0,283.0,284.0,285.0,285.0,285.0,301.0
281.0,283.0,284.0,285.0,285.0,285.0,303.0,297.0
283.0,284.0,285.0,285.0,285.0,303.0,301.0,292.0
284.0,285.0,285.0,285.0,303.0,301.0,297.0,292.0
285.0,285.0,285.0,303.0,301.0,297.0,292.0,286.0
285.0,285.0,303.0,301.0,297.0,292.0,292.0,284.0
285.0,303.0,301.0,297.0,292.0,292.0,286.0,285.0
303.0,301.0,297.0,292.0,292.0,286.0,284.0,286.0
301.0,297.0,292.0,292.0,286.0,284.0,285.0,286.0
297.0,292.0,292.0,286.0,284.0,285.0,286.0,283.0
292.0,292.0,286.0,284.0,285.0,286.0,286.0,283.0
292.0,286.0,284.0,285.0,286.0,286.0,283.0,280.0
286.0,284.0,285.0,286.0,286.0,283.0,283.0,277.0
284.0,285.0,286.0,286.0,283.0,283.0,280.0,272.0
285.0,286.0,286.0,283.0,283.0,280.0,277.0,271.0
286.0,286.0,283.0,283.0,280.0,277.0,272.0,269.0
286.0,283.0,283.0,280.0,277.0,272.0,271.0,261.0
283.0,283.0,280.0,277.0,272.0,271.0,269.0,257.0
283.0,280.0,277.0,272.0,271.0,269.0,261.0,260.0
280.0,277.0,272.0,271.0,269.0,261.0,257.0,261.0
277.0,272.0,271.0,269.0,261.0,257.0,260.0,258.0
272.0,271.0,269.0,261.0,257.0,260.0,261.0,254.0
271.0,269.0,261.0,257.0,260.0,261.0,258.0,249.0
268.2,260.6,257.3,260.1,260.7,257.6,253.5,247.0
123.0,137.0,146.0,148.0,152.0,157.0,161.0,166.0
137.0,146.0,148.0,152.0,157.0,161.0,164.0,169.0
148.0,152.0,157.0,161.0,164.0,166.0,169.0,182.0
152.0,157.0,161.0,164.0,166.0,169.0,172.0,188.0
157.0,161.0,164.0,166.0,169.0,172.0,182.0,192.0
164.0,166.0,169.0,172.0,182.0,188.0,192.0,206.0
169.0,172.0,182.0,188.0,192.0,200.0,206.0,220.0
192.0,200.0,206.0,218.0,220.0,219.0,219.0,220.0
200.0,206.0,218.0,220.0,219.0,219.0,220.0,212.0
206.0,218.0,220.0,219.0,219.0,220.0,220.0,210.0
218.0,220.0,219.0,219.0,220.0,220.0,212.0,213.0
220.0,219.0,219.0,220.0,220.0,212.0,210.0,216.0
219.0,219.0,220.0,220.0,212.0,210.0,213.0,216.0
219.0,220.0,220.0,212.0,210.0,213.0,216.0,215.0
212.0,210.0,213.0,216.0,216.0,215.0,214.0,218.0
210.0,213.0,216.0,216.0,215.0,214.0,217.0,218.0
213.0,216.0,216.0,215.0,214.0,217.0,218.0,221.0
216.0,216.0,215.0,214.0,217.0,218.0,218.0,224.0
216.0,215.0,214.0,217.0,218.0,218.0,221.0,218.0
214.0,217.0,218.0,218.0,221.0,224.0,218.0,217.0
217.0,218.0,218.0,221.0,224.0,218.0,217.0,215.0
218.0,218.0,221.0,224.0,218.0,217.0,217.0,217.0
218.0,221.0,224.0,218.0,217.0,217.0,215.0,218.0
224.0,218.0,217.0,217.0,215.0,217.0,218.0,205.0
220.0,225.0,227.0,226.0,228.0,229.0,229.0,221.0
225.0,227.0,226.0,228.0,229.0,229.0,227.0,216.0
228.0,229.0,229.0,227.0,221.0,216.0,217.0,219.0
229.0,229.0,227.0,221.0,216.0,217.0,219.0,220.0
229.0,227.0,221.0,216.0,217.0,219.0,219.0,221.0
227.0,221.0,216.0,217.0,219.0,219.0,220.0,219.0
216.0,217.0,219.0,219.0,220.0,221.0,219.0,227.0
219.0,219.0,220.0,221.0,219.0,217.0,227.0,220.0
219.0,220.0,221.0,219.0,217.0,227.0,222.0,213.0
220.0,221.0,219.0,217.0,227.0,222.0,220.0,206.0
221.0,219.0,217.0,227.0,222.0,220.0,213.0,205.0
219.0,217.0,227.0,222.0,220.0,213.0,206.0,204.0
217.0,227.0,222.0,220.0,213.0,206.0,205.0,207.0
227.0,222.0,220.0,213.0,206.0,205.0,204.0,205.0
222.0,220.0,213.0,206.0,205.0,204.0,207.0,203.0
220.0,213.0,206.0,205.0,204.0,207.0,205.0,201.0
206.0,205.0,204.0,207.0,205.0,203.0,201.0,192.0
204.0,207.0,205.0,203.0,201.0,197.0,192.0,190.0
207.0,205.0,203.0,201.0,197.0,192.0,190.0,189.0
205.0,203.0,201.0,197.0,192.0,190.0,190.0,188.0
201.0,197.0,192.0,190.0,190.0,189.0,188.0,188.0
197.0,192.0,190.0,190.0,189.0,188.0,188.0,188.0
192.0,190.0,190.0,189.0,188.0,188.0,188.0,193.0
190.0,190.0,189.0,188.0,188.0,188.0,188.0,194.0
190.0,189.0,188.0,188.0,188.0,188.0,193.0,194.0
189.0,188.0,188.0,188.0,188.0,193.0,194.0,189.0
188.0,188.0,188.0,188.0,193.0,194.0,194.0,188.0
208.7,225.1818181818182,237.0,238.0,238.9,238.0,238.0,235.0
225.1818181818182,237.0,238.0,238.9,238.0,238.0,238.0,235.0
238.9,238.0,238.0,238.0,235.0,235.0,235.0,227.0
238.0,238.0,238.0,235.0,235.0,235.0,234.27272727272728,220.0
238.0,238.0,235.0,235.0,235.0,234.27272727272728,227.0,217.0
235.0,235.0,235.0,234.27272727272728,227.0,220.0,217.0,222.0
235.0,235.0,234.27272727272728,227.0,220.0,217.0,222.0,223.0
234.27272727272728,227.0,220.0,217.0,222.0,222.0,223.0,234.0
227.0,220.0,217.0,222.0,222.0,223.0,229.0,233.0
220.0,217.0,222.0,222.0,223.0,229.0,234.0,232.0
217.0,222.0,222.0,223.0,229.0,234.0,233.0,231.0
222.0,222.0,223.0,229.0,234.0,233.0,232.0,233.0
223.0,229.0,234.0,233.0,232.0,231.0,233.0,233.0
229.0,234.0,233.0,232.0,231.0,233.0,235.0,232.0
234.0,233.0,232.0,231.0,233.0,235.0,233.0,227.0
233.0,232.0,231.0,233.0,235.0,233.0,232.0,224.0
232.0,231.0,233.0,235.0,233.0,232.0,227.0,228.0
231.0,233.0,235.0,233.0,232.0,227.0,224.0,228.0
233.0,235.0,233.0,232.0,227.0,224.0,228.0,225.0
235.0,233.0,232.0,227.0,224.0,228.0,228.0,215.0
233.0,232.0,227.0,224.0,228.0,228.0,225.0,219.0
227.0,224.0,228.0,228.0,225.0,215.0,219.0,207.0
224.0,228.0,228.0,225.0,215.0,219.0,215.0,206.0
228.0,228.0,225.0,215.0,219.0,215.0,207.0,210.0
271.0,272.0,272.0,275.0,272.0,262.0,259.0,249.0
272.0,272.0,275.0,272.0,262.0,259.0,249.0,256.0
275.0,272.0,262.0,259.0,249.0,249.0,256.0,261.0
272.0,262.0,259.0,249.0,249.0,256.0,259.0,262.0
259.0,249.0,249.0,256.0,259.0,261.0,262.0,269.0
249.0,249.7,256.3,259.2,261.1,262.8,269.9,257.0
249.0,256.0,259.0,261.0,262.0,270.0,269.0,266.0
259.2,261.1,262.8,269.9,267.90909090909093,257.0,266.0,268.0
269.9,267.90909090909093,257.0,266.0,266.1818181818182,268.0,267.90909090909093,264.0
267.90909090909093,257.0,266.0,266.1818181818182,268.0,267.90909090909093,267.0,265.0
257.0,266.0,266.1818181818182,268.0,267.90909090909093,267.0,264.0,263.0
266.0,266.1818181818182,268.0,267.90909090909093,267.0,264.0,265.0,260.0
266.1818181818182,268.0,267.90909090909093,267.0,264.0,265.0,263.0,256.0
268.0,267.90909090909093,267.0,264.0,265.0,263.0,260.0,255.0
267.90909090909093,267.0,264.0,265.0,263.0,260.0,256.0,252.0
267.0,264.0,265.0,263.0,260.0,256.0,255.0,246.0
264.0,265.0,263.0,260.0,256.0,255.0,252.0,240.0
265.0,263.0,260.0,256.0,255.0,252.0,246.0,242.0
263.0,260.0,256.0,255.0,252.0,246.0,240.0,236.0
256.0,255.0,252.0,246.0,240.0,242.0,236.0,229.0
252.0,246.0,240.0,242.0,236.0,233.0,229.0,217.0
240.0,242.0,236.0,233.0,229.0,226.0,217.0,215.0
242.0,236.0,233.0,229.0,226.0,217.0,216.0,212.0
236.0,233.0,229.0,226.0,217.0,216.0,215.0,221.0
233.0,229.0,226.0,217.0,216.0,215.0,212.0,222.0
229.0,226.0,217.0,216.0,215.0,212.0,221.0,223.0
226.0,217.0,216.0,215.0,212.0,221.0,222.0,235.0
228.0,238.0,252.0,257.0,253.0,252.0,254.0,279.0
252.0,257.0,253.0,252.0,254.0,262.0,279.0,291.0
257.0,253.0,252.0,254.0,262.0,279.0,286.0,297.0
253.0,252.0,254.0,262.0,279.0,286.0,291.0,293.0
252.0,254.0,262.0,279.0,286.0,291.0,297.0,291.0
254.0,262.0,279.0,286.0,291.0,297.0,293.0,286.0
279.0,286.0,291.0,297.0,293.0,291.0,286.0,267.0
291.0,297.0,293.0,291.0,286.0,274.0,267.0,245.0
297.0,293.0,291.0,286.0,274.0,267.0,256.0,237.0
293.0,291.0,286.0,274.0,267.0,256.0,245.0,237.0
286.0,274.0,267.0,256.0,245.0,237.0,237.0,220.0
267.0,256.0,245.0,237.0,237.0,234.0,220.0,202.0
256.0,245.0,237.0,237.0,234.0,220.0,209.0,200.0
237.0,237.0,234.0,220.0,209.0,202.0,200.0,193.0
234.0,220.0,209.0,202.0,200.0,195.0,193.0,196.0
220.0,209.0,202.0,200.0,195.0,193.0,192.0,199.0
202.0,200.0,195.0,193.0,192.0,196.0,199.0,218.0
200.0,195.0,193.0,192.0,196.0,199.0,209.0,220.0
193.0,192.0,196.0,199.0,209.0,218.0,220.0,224.0
192.0,196.0,199.0,209.0,218.0,220.0,221.0,235.0
196.0,199.0,209.0,218.0,220.0,221.0,224.0,245.0
199.0,209.0,218.0,220.0,221.0,224.0,235.0,252.0
209.0,218.0,220.0,221.0,224.0,235.0,245.0,254.0
221.0,224.0,235.0,245.0,252.0,254.0,257.0,254.0
206.0,203.0,202.0,201.0,200.0,201.0,204.0,205.0
203.0,202.0,201.0,200.0,201.0,204.0,205.0,204.0
200.0,201.0,204.0,205.0,205.0,204.0,206.0,201.0
201.0,204.0,205.0,205.0,204.0,206.0,201.0,204.0
204.0,205.0,205.0,204.0,206.0,201.0,201.0,207.0
205.0,205.0,204.0,206.0,201.0,201.0,204.0,209.0
205.0,204.0,206.0,201.0,201.0,204.0,207.0,200.0
201.0,201.0,204.0,207.0,209.0,200.0,197.0,200.0
201.0,204.0,207.0,209.0,200.0,197.0,196.0,194.0
207.0,209.0,200.0,197.0,196.0,200.0,194.0,187.0
209.0,200.0,197.0,196.0,200.0,194.0,188.0,182.0
197.0,196.0,200.0,194.0,188.0,187.0,182.0,182.0
196.0,200.0,194.0,188.0,187.0,182.0,181.0,179.0
194.0,188.0,187.0,182.0,181.0,182.0,179.0,177.0
188.0,187.0,182.0,181.0,182.0,179.0,178.0,175.0
181.9,181.1,181.7,178.9,177.9,176.8,175.0,172.0
181.0,182.0,179.0,178.0,177.0,175.0,175.0,165.0
172.0,164.4,158.9,157.7,154.4,149.0,148.6,144.0
165.0,159.0,158.0,155.0,149.0,149.0,145.0,139.0
158.9,157.7,154.4,149.0,148.6,144.9090909090909,144.0,139.0
157.7,154.4,149.0,148.6,144.9090909090909,144.0,139.0,160.0
185.3,178.54545454545453,174.0,166.5,161.4,155.63636363636363,152.0,148.0
178.54545454545453,174.0,166.5,161.4,155.63636363636363,152.0,149.0,146.0
174.0,166.5,161.4,155.63636363636363,152.0,149.0,148.0,147.0
166.5,161.4,155.63636363636363,152.0,149.0,148.0,146.0,150.0
161.4,155.63636363636363,152.0,149.0,148.0,146.0,147.0,154.0
155.63636363636363,152.0,149.0,148.0,146.0,147.0,150.0,158.0
152.0,149.0,148.0,146.0,147.0,150.0,154.0,166.0
149.0,148.0,146.0,147.0,150.0,154.0,158.0,176.0
148.0,146.0,147.0,150.0,154.0,158.0,166.0,176.0
146.0,147.0,150.0,154.0,158.0,166.0,176.0,174.0
150.0,154.0,158.0,166.0,176.0,176.0,174.0,188.0
176.0,176.0,174.0,182.0,188.0,191.0,195.0,200.0
176.0,174.0,182.0,188.0,191.0,195.0,196.0,199.0
182.0,188.0,191.0,195.0,196.0,200.0,199.0,202.0
188.0,191.0,195.0,196.0,200.0,199.0,200.0,206.0
191.0,195.0,196.0,200.0,199.0,200.0,202.0,208.0
195.0,196.0,200.0,199.0,200.0,202.0,206.0,208.0
196.0,200.0,199.0,200.0,202.0,206.0,208.0,208.0
200.0,199.0,200.0,202.0,206.0,208.0,208.0,212.0
199.0,200.0,202.0,206.0,208.0,208.0,208.0,213.0
202.0,206.0,208.0,208.0,208.0,212.0,213.0,197.0
206.0,208.0,208.0,208.0,212.0,213.0,205.0,197.0
208.0,208.0,212.0,213.0,205.0,197.0,197.0,196.0
208.0,212.0,213.0,205.0,197.0,197.0,195.0,196.0
205.0,197.0,197.0,195.0,196.0,196.0,193.0,194.0
197.0,197.0,195.0,196.0,196.0,193.0,193.0,195.0
197.0,195.0,196.0,196.0,193.0,193.0,194.0,192.0
229.0,243.0,258.0,262.0,262.0,270.0,275.0,275.0
243.0,258.0,262.0,262.0,270.0,275.0,276.0,273.0
258.0,262.0,262.0,270.0,275.0,276.0,275.0,268.0
262.0,262.0,270.0,275.0,276.0,275.0,273.0,260.0
262.0,270.0,275.0,276.0,275.0,273.0,268.0,258.0
270.0,275.0,276.0,275.0,273.0,268.0,260.0,258.0
275.0,273.0,268.0,260.0,258.0,258.0,244.0,228.0
273.0,268.0,260.0,258.0,258.0,244.0,236.0,224.0
268.0,260.0,258.0,258.0,244.0,236.0,228.0,216.0
244.0,236.0,228.0,224.0,216.0,206.0,199.0,186.0
236.0,228.0,224.0,216.0,206.0,199.0,198.0,181.0
224.0,216.0,206.0,199.0,198.0,186.0,181.0,173.0
206.0,199.0,198.0,186.0,181.0,178.0,173.0,160.0
199.0,198.0,186.0,181.0,178.0,173.0,167.0,160.0
185.5,180.7,177.5,172.4,166.3,160.0,160.0,156.0
180.7,177.5,172.4,166.3,160.0,160.0,159.63636363636363,156.0
177.5,172.4,166.3,160.0,160.0,159.63636363636363,156.0,159.0
166.3,160.0,160.0,159.63636363636363,156.0,156.0,159.0,135.0
159.63636363636363,156.0,156.0,159.0,150.45454545454547,135.0,133.0,141.0
156.0,156.0,159.0,150.45454545454547,135.0,133.0,139.0,141.0
156.0,159.0,150.45454545454547,135.0,133.0,139.0,141.0,137.0
159.0,150.45454545454547,135.0,133.0,139.0,141.0,141.0,136.0
133.0,139.0,141.0,141.0,137.0,136.0,133.0,119.0
168.0,166.0,161.0,161.0,161.0,160.0,166.0,147.0
166.0,161.0,161.0,161.0,160.0,166.0,161.0,145.0
161.0,161.0,161.0,160.0,166.0,161.0,147.0,143.0
161.0,161.0,160.0,166.0,161.0,147.0,145.0,143.0
161.0,160.0,166.0,161.0,147.0,145.0,143.0,149.0
160.0,166.0,161.0,147.0,145.0,143.0,143.0,149.0
166.0,161.0,147.0,145.0,143.0,143.0,149.0,148.0
145.0,143.0,143.0,149.0,149.0,148.0,148.0,145.0
143.0,143.0,149.0,149.0,148.0,148.0,146.0,147.0
149.0,149.0,148.0,148.0,146.0,145.0,147.0,145.0
149.0,148.0,148.0,146.0,145.0,147.0,148.0,141.0
148.0,148.0,146.0,145.0,147.0,148.0,145.0,140.0
148.0,146.0,145.0,147.0,148.0,145.0,141.0,138.0
146.0,145.0,147.0,148.0,145.0,141.0,140.0,138.0
141.0,140.0,138.0,138.0,127.0,128.0,137.0,137.0
140.0,138.0,138.0,127.0,128.0,137.0,137.0,148.0
127.0,128.0,137.0,137.0,137.0,148.0,151.0,152.0
128.0,137.0,137.0,137.0,148.0,151.0,151.0,152.0
137.0,148.0,151.0,151.0,152.0,152.0,150.0,142.0
148.0,151.0,151.0,152.0,152.0,150.0,146.0,143.0
152.0,152.0,150.0,146.0,142.0,143.0,136.0,133.0
210.0,211.0,208.0,209.0,213.0,218.0,219.0,219.0
211.0,208.0,209.0,213.0,218.0,219.0,219.0,219.0
208.0,209.0,213.0,218.0,219.0,219.0,219.0,226.0
209.0,213.0,218.0,219.0,219.0,219.0,219.0,233.0
213.0,218.0,219.0,219.0,219.0,219.0,226.0,237.0
218.0,219.0,219.0,219.0,219.0,226.0,233.0,244.0
219.0,219.0,219.0,219.0,226.0,233.0,237.0,248.0
219.0,219.0,219.0,226.0,233.0,237.0,244.0,260.0
219.0,219.0,226.0,233.0,237.0,244.0,248.0,255.0
219.0,226.0,233.0,237.0,244.0,248.0,260.0,249.0
233.0,237.0,244.0,248.0,260.0,255.0,249.0,250.0
237.0,244.0,248.0,260.0,255.0,249.0,251.0,252.0
244.0,248.0,260.0,255.0,249.0,251.0,250.0,248.0
260.0,255.0,249.0,251.0,250.0,252.0,248.0,244.0
255.0,249.0,251.0,250.0,252.0,248.0,243.0,244.0
249.0,251.0,250.0,252.0,248.0,243.0,244.0,244.0
251.0,250.0,252.0,248.0,243.0,244.0,244.0,244.0
250.0,252.0,248.0,243.0,244.0,244.0,244.0,239.0
252.0,248.0,243.0,244.0,244.0,244.0,244.0,238.0
248.0,243.0,244.0,244.0,244.0,244.0,239.0,238.0
243.0,244.0,244.0,244.0,244.0,239.0,238.0,241.0
244.0,244.0,244.0,244.0,239.0,238.0,238.0,245.0
244.0,244.0,239.0,238.0,238.0,241.0,245.0,248.0
239.0,238.0,238.0,241.0,245.0,248.0,248.0,251.0
238.0,241.0,245.0,248.0,248.0,248.0,251.0,248.0
241.0,245.0,248.0,248.0,248.0,251.0,249.0,248.0
248.0,248.0,251.0,249.0,248.0,248.0,251.0,257.0
248.0,251.0,249.0,248.0,248.0,251.0,251.0,256.0
251.0,249.0,248.0,248.0,251.0,251.0,257.0,255.0
196.0,197.0,199.0,188.0,184.0,183.0,185.0,193.0
199.0,188.0,184.0,183.0,185.0,190.0,193.0,203.0
188.0,184.0,183.0,185.0,190.0,193.0,198.0,204.0
184.0,183.0,185.0,190.0,193.0,198.0,203.0,207.0
183.0,185.0,190.0,193.0,198.0,203.0,204.0,206.0
185.0,190.0,193.0,198.0,203.0,204.0,207.0,203.0
198.0,203.0,204.0,207.0,206.0,203.0,202.0,203.0
203.0,204.0,207.0,206.0,203.0,202.0,204.0,202.0
204.0,207.0,206.0,203.0,202.0,204.0,203.0,203.0
207.0,206.0,203.0,202.0,204.0,203.0,202.0,204.0
206.0,203.0,202.0,204.0,203.0,202.0,203.0,209.0
203.0,202.0,204.0,203.0,202.0,203.0,204.0,211.0
202.0,204.0,203.0,202.0,203.0,204.0,209.0,213.0
203.0,202.0,203.0,204.0,209.0,211.0,213.0,229.0
202.0,203.0,204.0,209.0,211.0,213.0,223.0,232.0
203.0,204.0,209.0,211.0,213.0,223.0,229.0,234.0
204.0,209.0,211.0,213.0,223.0,229.0,232.0,236.0
209.0,211.0,213.0,223.0,229.0,232.0,234.0,241.0
211.0,213.0,223.0,229.0,232.0,234.0,236.0,241.0
223.0,229.0,232.0,234.0,236.0,241.0,241.0,241.0
229.0,232.0,234.0,236.0,241.0,241.0,240.0,242.0
232.0,234.0,236.0,241.0,241.0,240.0,241.0,244.0
236.0,241.0,241.0,240.0,241.0,242.0,244.0,251.0
241.0,241.0,240.0,241.0,242.0,244.0,250.0,251.0
241.0,240.0,241.0,242.0,244.0,250.0,251.0,252.0
240.0,241.0,242.0,244.0,250.0,251.0,251.0,256.0
241.0,242.0,244.0,250.0,251.0,251.0,252.0,244.0
242.0,244.0,250.0,251.0,251.0,252.0,256.0,229.0
244.0,250.0,251.0,251.0,252.0,256.0,244.0,199.0
247.0,248.0,249.0,253.0,258.0,264.0,272.0,271.0
248.0,249.0,253.0,258.0,264.0,272.0,269.0,277.0
249.0,253.0,258.0,264.0,272.0,269.0,271.0,276.0
253.0,258.0,264.0,272.0,269.0,271.0,277.0,274.0
258.0,264.0,272.0,269.0,271.0,277.0,276.0,273.0
264.0,272.0,269.0,271.0,277.0,276.0,274.0,269.0
272.0,269.0,271.0,277.0,276.0,274.0,273.0,269.0
271.0,277.0,276.0,274.0,273.0,269.0,269.0,272.0
277.0,276.0,274.0,273.0,269.0,269.0,271.0,272.0
276.0,274.0,273.0,269.0,269.0,271.0,272.0,273.0
274.0,273.0,269.0,269.0,271.0,272.0,272.0,271.0
273.0,269.0,269.0,271.0,272.0,272.0,273.0,270.0
269.0,269.0,271.0,272.0,272.0,273.0,271.0,264.0
269.0,271.0,272.0,272.0,273.0,271.0,270.0,260.0
271.0,272.0,272.0,273.0,271.0,270.0,264.0,260.0
273.0,271.0,270.0,264.0,260.0,260.0,261.0,260.0
271.0,270.0,264.0,260.0,260.0,261.0,262.0,259.0
270.0,264.0,260.0,260.0,261.0,262.0,260.0,257.0
264.0,260.0,260.0,261.0,262.0,260.0,259.0,253.0
260.0,260.1,261.1,261.8,259.9,258.8,256.6,250.0
260.0,261.0,262.0,260.0,259.0,257.0,253.0,251.0
258.8,256.6,252.72727272727272,250.0,250.7,248.0,248.5,258.0
252.72727272727272,250.0,250.7,248.0,248.5,253.45454545454547,258.0,260.0
250.0,250.7,248.0,248.5,253.45454545454547,258.0,260.90909090909093,258.0
248.0,248.5,253.45454545454547,258.0,260.90909090909093,260.0,258.0,260.0
253.45454545454547,258.0,260.90909090909093,260.0,258.0,259.09090909090907,260.0,241.0
258.0,260.90909090909093,260.0,258.0,259.09090909090907,260.0,252.0,229.0
234.8181818181818,233.0,229.0,230.0,230.0,224.0,222.0,221.0
233.0,229.0,230.0,230.0,224.0,222.0,222.0,218.0
229.0,230.0,230.0,224.0,222.0,222.0,221.0,216.0
230.0,230.0,224.0,222.0,222.0,221.0,218.0,215.0
230.0,224.0,222.0,222.0,221.0,218.0,216.0,213.0
224.0,222.0,222.0,221.0,218.0,216.0,215.0,212.0
222.0,222.0,221.0,218.0,216.0,215.0,213.0,214.0
222.0,221.0,218.0,216.0,215.0,213.0,212.0,216.0
221.0,218.0,216.0,215.0,213.0,212.0,214.0,213.0
216.0,215.0,213.0,212.0,214.0,216.0,213.0,211.0
212.0,214.0,216.0,213.0,212.0,211.0,212.0,210.0
216.0,213.0,212.0,211.0,212.0,214.0,210.0,213.0
211.0,212.0,214.0,210.0,213.0,213.0,215.0,215.0
212.0,214.0,210.0,213.0,213.0,215.0,215.0,216.0
214.0,210.0,213.0,213.0,215.0,215.0,215.0,217.0
210.0,213.0,213.0,215.0,215.0,215.0,216.0,218.0
213.0,213.0,215.0,215.0,215.0,216.0,217.0,219.0
215.0,215.0,216.0,217.0,218.0,219.0,219.0,215.0
215.0,216.0,217.0,218.0,219.0,219.0,217.0,214.0
216.0,217.0,218.0,219.0,219.0,217.0,215.0,214.0
217.0,218.0,219.0,219.0,217.0,215.0,214.0,213.0
219.0,219.0,217.0,215.0,214.0,214.0,213.0,212.0
219.0,217.0,215.0,214.0,214.0,213.0,212.0,210.0
217.0,215.0,214.0,214.0,213.0,212.0,212.0,211.0
215.0,214.0,214.0,213.0,212.0,212.0,210.0,213.0
214.0,214.0,213.0,212.0,212.0,210.0,211.0,214.0
84.0,88.0,92.0,94.0,94.0,96.0,97.0,91.0
88.0,92.0,94.0,94.0,96.0,97.0,94.0,89.0
92.0,94.0,94.0,96.0,97.0,94.0,91.0,86.0
94.0,94.0,96.0,97.0,94.0,91.0,89.0,79.0
94.0,96.0,97.0,94.0,91.0,89.0,86.0,78.0
96.0,97.0,94.0,91.0,89.0,86.0,79.0,77.0
97.0,94.0,91.0,89.0,86.0,79.0,78.0,78.0
94.0,91.0,89.0,86.0,79.0,78.0,77.0,81.0
91.0,89.0,86.0,79.0,78.0,77.0,78.0,83.0
89.0,86.0,79.0,78.0,77.0,78.0,81.0,87.0
79.0,78.0,77.0,78.0,81.0,83.0,87.0,100.0
78.0,77.0,78.0,81.0,83.0,87.0,92.0,103.0
77.0,78.0,81.0,83.0,87.0,92.0,100.0,106.0
78.0,81.0,83.0,87.0,92.0,100.0,103.0,106.0
81.0,83.0,87.0,92.0,100.0,103.0,106.0,105.0
83.0,87.0,92.0,100.0,103.0,106.0,106.0,107.0
87.0,92.0,100.0,103.0,106.0,106.0,105.0,105.0
100.0,103.0,106.0,106.0,105.0,107.0,105.0,105.0
103.0,106.0,106.0,105.0,107.0,105.0,104.0,108.0
106.0,106.0,105.0,107.0,105.0,104.0,105.0,112.0
106.0,105.0,107.0,105.0,104.0,105.0,108.0,114.0
105.0,104.0,105.0,108.0,112.0,114.0,117.0,120.0
104.0,105.0,108.0,112.0,114.0,117.0,120.0,119.0
105.0,108.0,112.0,114.0,117.0,120.0,120.0,119.0
108.0,112.0,114.0,117.0,120.0,120.0,119.0,120.0
112.0,114.0,117.0,120.0,120.0,119.0,119.0,120.0
114.0,117.0,120.0,120.0,119.0,119.0,120.0,119.0
117.0,120.0,120.0,119.0,119.0,120.0,120.0,119.0
120.0,120.0,119.0,119.0,120.0,120.0,119.0,121.0
120.0,119.0,119.0,120.0,120.0,119.0,119.0,122.0
119.0,119.0,120.0,120.0,119.0,119.0,121.0,125.0
119.0,120.0,120.0,119.0,119.0,121.0,122.0,127.0
313.0,315.0,313.0,311.0,304.0,299.0,294.0,296.0
315.0,313.0,311.0,304.0,299.0,294.0,293.0,291.0
313.0,311.0,304.0,299.0,294.0,293.0,296.0,282.0
311.0,304.0,299.0,294.0,293.0,296.0,291.0,278.0
304.0,299.0,294.0,293.0,296.0,291.0,282.0,272.0
291.0,282.0,278.0,272.0,264.0,251.0,234.0,204.0
282.0,278.0,272.0,264.0,251.0,234.0,220.0,179.0
278.0,272.0,264.0,251.0,234.0,220.0,204.0,164.0
272.0,264.0,251.0,234.0,220.0,204.0,179.0,156.0
264.0,251.0,234.0,220.0,204.0,179.0,164.0,166.0
251.0,234.0,220.0,204.0,179.0,164.0,156.0,155.0
234.0,220.0,204.0,179.0,164.0,156.0,166.0,142.0
220.0,204.0,179.0,164.0,156.0,166.0,155.0,133.0
204.0,179.0,164.0,156.0,166.0,155.0,142.0,129.0
179.0,164.0,156.0,166.0,155.0,142.0,133.0,124.0
164.0,156.0,166.0,155.0,142.0,133.0,129.0,116.0
156.0,166.0,155.0,142.0,133.0,129.0,124.0,111.0
166.0,155.0,142.0,133.0,129.0,124.0,116.0,110.0
155.0,142.0,133.0,129.0,124.0,116.0,111.0,110.0
142.0,133.0,129.0,124.0,116.0,111.0,110.0,113.0
133.0,129.0,124.0,116.0,111.0,110.0,110.0,120.0
129.0,124.0,116.0,111.0,110.0,110.0,113.0,121.0
124.0,116.0,111.0,110.0,110.0,113.0,120.0,118.0
111.0,110.0,110.0,113.0,120.0,121.0,118.0,123.0
110.0,110.0,113.0,120.0,121.0,118.0,122.0,123.0
110.0,113.0,120.0,121.0,118.0,122.0,123.0,126.0
113.0,120.0,121.0,118.0,122.0,123.0,123.0,120.0
120.0,121.0,118.0,122.0,123.0,123.0,126.0,119.0
121.0,118.0,122.0,123.0,123.0,126.0,120.0,120.0
118.0,122.0,123.0,123.0,126.0,120.0,119.0,127.0
154.0,165.0,166.0,167.0,164.0,162.0,164.0,173.0
166.0,167.0,164.0,162.0,164.0,165.0,173.0,194.0
167.0,164.0,162.0,164.0,165.0,173.0,196.0,192.0
162.0,164.0,165.0,173.0,196.0,194.0,192.0,171.0
164.0,165.0,173.0,196.0,194.0,192.0,180.0,169.0
165.0,173.0,196.0,194.0,192.0,180.0,171.0,157.0
196.0,194.0,192.0,180.0,171.0,169.0,157.0,153.0
194.0,192.0,180.0,171.0,169.0,157.0,154.0,152.0
192.0,180.0,171.0,169.0,157.0,154.0,153.0,151.0
180.0,171.0,169.0,157.0,154.0,153.0,152.0,150.0
171.0,169.0,157.0,154.0,153.0,152.0,151.0,146.0
154.0,153.0,152.0,151.0,150.0,146.0,143.0,138.0
153.0,152.0,151.0,150.0,146.0,143.0,140.0,129.0
152.0,151.0,150.0,146.0,143.0,140.0,138.0,124.0
150.0,146.0,143.0,140.0,138.0,129.0,124.0,125.0
146.0,143.0,140.0,138.0,129.0,124.0,122.0,127.0
140.0,138.0,129.0,124.0,122.0,125.0,127.0,111.0
138.0,129.0,124.0,122.0,125.0,127.0,115.0,125.0
129.0,124.0,122.0,125.0,127.0,115.0,111.0,126.0
124.0,122.0,125.0,127.0,115.0,111.0,125.0,125.0
122.0,125.0,127.0,115.0,111.0,125.0,126.0,126.0
127.0,115.0,111.0,125.0,126.0,125.0,126.0,125.0
115.0,111.0,125.0,126.0,125.0,126.0,127.0,119.0
111.0,125.0,126.0,125.0,126.0,127.0,125.0,118.0
126.0,125.0,126.0,127.0,125.0,119.0,118.0,117.0
125.0,126.0,127.0,125.0,119.0,118.0,119.0,110.0
126.0,127.0,125.0,119.0,118.0,119.0,117.0,107.0
232.0,234.0,227.0,240.0,261.0,271.0,284.0,291.0
234.0,227.0,240.0,261.0,271.0,284.0,288.0,286.0
227.0,240.0,261.0,271.0,284.0,288.0,291.0,287.0
240.0,261.0,271.0,284.0,288.0,291.0,286.0,288.0
261.0,271.0,284.0,288.0,291.0,286.0,287.0,289.0
271.0,284.0,288.0,291.0,286.0,287.0,288.0,291.0
284.0,288.0,291.0,286.0,287.0,288.0,289.0,297.0
288.0,291.0,286.0,287.0,288.0,289.0,291.0,299.0
291.0,286.0,287.0,288.0,289.0,291.0,297.0,302.0
286.0,287.0,288.0,289.0,291.0,297.0,299.0,303.0
289.0,291.0,297.0,299.0,302.0,303.0,299.0,280.0
291.0,297.0,299.0,302.0,303.0,299.0,291.0,272.0
299.0,302.0,303.0,299.0,291.0,280.0,272.0,266.0
302.0,303.0,299.0,291.0,280.0,272.0,268.0,265.0
299.0,291.0,280.0,272.0,268.0,266.0,265.0,260.0
291.0,280.0,272.0,268.0,266.0,265.0,261.0,255.0
280.0,272.0,268.0,266.0,265.0,261.0,260.0,251.0
272.0,268.0,266.0,265.0,261.0,260.0,255.0,248.0
265.0,261.0,260.0,255.0,251.0,248.0,246.0,242.0
261.0,260.0,255.0,251.0,248.0,246.0,244.0,242.0
243.8,242.0,242.0909090909091,243.0,241.8,239.4,233.9,230.0
243.0,241.8,239.4,233.9,232.72727272727272,230.0,223.72727272727272,221.0
105.4,109.6,115.36363636363636,119.0,119.9090909090909,119.0,119.0,120.0
115.36363636363636,119.0,119.9090909090909,119.0,119.0,120.0,120.0,116.0
119.0,119.0,120.0,120.0,118.0,116.0,116.0,115.0
120.0,120.0,118.0,116.0,116.0,115.0,115.0,123.0
118.0,116.0,116.0,115.0,115.0,115.0,123.0,130.0
116.0,116.0,115.0,115.0,115.0,123.0,125.0,134.0
116.0,115.0,115.0,115.0,123.0,125.0,130.0,135.0
115.0,115.0,115.0,123.0,125.0,130.0,134.0,137.0
115.0,123.0,125.0,130.0,134.0,135.0,137.0,146.0
125.0,130.0,134.0,135.0,137.0,142.0,146.0,150.0
130.0,134.0,135.0,137.0,142.0,146.0,150.0,150.0
134.0,135.0,137.0,142.0,146.0,150.0,150.0,149.0
135.0,137.0,142.0,146.0,150.0,150.0,150.0,149.0
137.0,142.0,146.0,150.0,150.0,150.0,149.0,149.0
146.0,150.0,150.0,150.0,149.0,149.0,149.0,153.0
150.0,150.0,149.0,149.0,149.0,151.0,153.0,154.0
150.0,149.0,149.0,149.0,151.0,153.0,154.0,154.0
149.0,149.0,151.0,153.0,154.0,154.0,154.0,154.0
149.0,151.0,153.0,154.0,154.0,154.0,154.0,153.0
