261.0,246.0,235.0,232.0,217.0,197.0,179.0,139.0
246.0,235.0,232.0,217.0,197.0,179.0,161.0,125.0
235.0,232.0,217.0,197.0,179.0,161.0,139.0,108.0
232.0,217.0,197.0,179.0,161.0,139.0,125.0,97.0
217.0,197.0,179.0,161.0,139.0,125.0,108.0,90.0
197.0,179.0,161.0,139.0,125.0,108.0,97.0,82.0
125.0,108.0,97.0,90.0,82.0,77.0,76.0,74.0
108.0,97.0,90.0,82.0,77.0,76.0,75.0,79.0
97.0,90.0,82.0,77.0,76.0,75.0,74.0,85.0
77.0,76.0,75.0,74.0,79.0,85.0,93.0,98.0
76.0,75.0,74.0,79.0,85.0,93.0,97.0,100.0
75.0,74.0,79.0,85.0,93.0,97.0,98.0,100.0
85.0,93.0,97.0,98.0,100.0,100.0,100.0,104.0
93.0,97.0,98.0,100.0,100.0,100.0,100.0,105.0
97.0,98.0,100.0,100.0,100.0,100.0,104.0,108.0
100.0,100.0,100.0,100.0,104.0,105.0,108.0,111.0
100.0,100.0,100.0,104.0,105.0,108.0,110.0,115.0
100.0,100.0,104.0,105.0,108.0,110.0,111.0,121.0
100.0,104.0,105.0,108.0,110.0,111.0,115.0,127.0
104.0,105.0,108.0,110.0,111.0,115.0,121.0,134.0
105.0,108.0,110.0,111.0,115.0,121.0,127.0,134.0
108.0,110.0,111.0,115.0,121.0,127.0,134.0,134.0
110.0,111.0,115.0,121.0,127.0,134.0,134.0,134.0
111.0,115.0,121.0,127.0,134.0,134.0,134.0,135.0
115.0,121.0,127.0,134.0,134.0,134.0,134.0,132.0
121.0,127.0,134.0,134.0,134.0,134.0,135.0,131.0
127.7,134.0,134.0,134.0,134.1,134.7,131.9,133.0
134.0,134.0,134.0,134.0,135.0,132.0,131.0,135.0
285.0,299.0,294.0,289.0,290.0,296.0,292.0,292.0
299.0,294.0,289.0,290.0,296.0,292.0,291.0,293.0
289.0,290.0,296.0,292.0,291.0,292.0,293.0,294.0
296.7,292.8181818181818,281.0,269.9,258.5,244.2,235.72727272727272,212.0
292.8181818181818,281.0,269.9,258.5,244.2,235.72727272727272,223.0,203.0
269.9,258.5,244.2,235.72727272727272,223.0,212.0,203.0,185.0
258.5,244.2,235.72727272727272,223.0,212.0,203.0,194.0,177.0
244.2,235.72727272727272,223.0,212.0,203.0,194.0,185.0,167.0
235.72727272727272,223.0,212.0,203.0,194.0,185.0,177.0,160.0
223.0,212.0,203.0,194.0,185.0,177.0,167.0,152.0
212.0,203.0,194.0,185.0,177.0,167.0,160.0,147.0
203.0,194.0,185.0,177.0,167.0,160.0,152.0,144.0
194.0,185.0,177.0,167.0,160.0,152.0,147.0,143.0
185.0,177.0,167.0,160.0,152.0,147.0,144.0,142.0
177.0,167.0,160.0,152.0,147.0,144.0,143.0,140.0
167.0,160.0,152.0,147.0,144.0,143.0,142.0,139.0
160.0,152.0,147.0,144.0,143.0,142.0,140.0,138.0
152.0,147.0,144.0,143.0,142.0,140.0,139.0,138.0
147.0,144.0,143.0,142.0,140.0,139.0,138.0,132.0
144.0,143.0,142.0,140.0,139.0,138.0,138.0,133.0
251.0,257.0,257.0,269.0,281.0,281.0,292.0,271.0
257.0,269.0,281.0,281.0,292.0,311.0,271.0,213.0
281.0,281.0,292.0,311.0,271.0,235.0,213.0,195.0
281.0,292.0,311.0,271.0,235.0,213.0,198.0,190.0
292.0,311.0,271.0,235.0,213.0,198.0,195.0,186.0
167.0,127.0,126.0,128.0,134.0,152.0,165.0,188.0
127.0,126.0,128.0,134.0,152.0,165.0,169.0,174.0
126.0,128.0,134.0,152.0,165.0,169.0,188.0,143.0
128.0,134.0,152.0,165.0,169.0,188.0,174.0,140.0
134.0,152.0,165.0,169.0,188.0,174.0,143.0,139.0
152.0,165.0,169.0,188.0,174.0,143.0,140.0,164.0
165.0,169.0,188.0,174.0,143.0,140.0,139.0,196.0
169.0,188.0,174.0,143.0,140.0,139.0,164.0,198.0
174.0,143.0,140.0,139.0,164.0,196.0,198.0,214.0
140.0,139.0,164.0,196.0,198.0,211.0,214.0,220.0
139.0,164.0,196.0,198.0,211.0,214.0,217.0,227.0
164.0,196.0,198.0,211.0,214.0,217.0,220.0,229.0
220.7,227.2,228.8181818181818,227.0,228.5,234.1,244.2,243.0
288.0,297.27272727272725,300.0,312.54545454545456,318.0,319.0,327.9,293.0
297.27272727272725,300.0,312.54545454545456,318.0,319.0,327.9,315.72727272727275,273.0
312.54545454545456,318.0,319.0,327.9,315.72727272727275,293.0,273.0,233.0
319.0,327.9,315.72727272727275,293.0,273.0,254.0,233.0,191.0
327.9,315.72727272727275,293.0,273.0,254.0,233.0,210.0,174.0
315.72727272727275,293.0,273.0,254.0,233.0,210.0,191.0,160.0
293.0,273.0,254.0,233.0,210.0,191.0,174.0,144.0
254.0,233.0,210.0,191.0,174.0,160.0,144.0,123.0
210.0,191.0,174.0,160.0,144.0,134.0,123.0,108.0
191.0,174.0,160.0,144.0,134.0,123.0,112.0,107.0
174.0,160.0,144.0,134.0,123.0,112.0,108.0,124.0
144.0,134.0,123.0,112.0,108.0,107.0,124.0,104.0
134.0,123.0,112.0,108.0,107.0,124.0,118.0,98.0
112.0,108.0,107.0,124.0,118.0,104.0,98.0,100.0
108.0,107.0,124.0,118.0,104.0,98.0,96.0,102.0
124.0,118.0,104.0,98.0,96.0,100.0,102.0,104.0
118.0,104.0,98.0,96.0,100.0,102.0,103.0,105.0
104.0,98.0,96.0,100.0,102.0,103.0,104.0,105.0
98.0,96.0,100.0,102.0,103.0,104.0,105.0,105.0
96.0,100.0,102.0,103.0,104.0,105.0,105.0,105.0
100.0,102.0,103.0,104.0,105.0,105.0,105.0,107.0
102.0,103.0,104.0,105.0,105.0,105.0,105.0,110.0
103.0,104.0,105.0,105.0,105.0,105.0,107.0,114.0
104.0,105.0,105.0,105.0,105.0,107.0,110.0,116.0
105.0,105.0,105.0,105.0,107.0,110.0,114.0,118.0
105.0,105.0,105.0,107.0,110.0,114.0,116.0,116.0
105.0,105.0,107.0,110.0,114.0,116.0,118.0,115.0
105.0,107.0,110.0,114.0,116.0,118.0,116.0,113.0
227.0,229.0,234.0,224.0,214.0,212.0,210.0,212.0
229.0,234.0,224.0,214.0,212.0,210.0,210.0,218.0
234.0,224.0,214.0,212.0,210.0,210.0,212.0,223.0
224.0,214.0,212.0,210.0,210.0,212.0,218.0,225.0
214.0,212.0,210.0,210.0,212.0,218.0,223.0,238.0
212.0,210.0,210.0,212.0,218.0,223.0,225.0,234.0
210.0,210.0,212.0,218.0,223.0,225.0,238.0,226.0
210.0,212.0,218.0,223.0,225.0,238.0,234.0,225.0
212.6,218.5,223.2,226.3,237.6,233.2,225.9,224.0
218.0,223.0,225.0,238.0,234.0,226.0,225.0,223.0
224.0,224.1,235.0,245.0,226.9,215.6,202.8,194.0
224.1,235.0,245.0,226.9,215.6,202.8,200.36363636363637,174.0
245.0,226.9,215.6,202.8,200.36363636363637,194.0,174.0,163.0
226.9,215.6,202.8,200.36363636363637,194.0,174.0,163.9090909090909,163.0
200.36363636363637,194.0,174.0,163.9090909090909,163.0,163.0,160.0,151.0
174.0,163.9090909090909,163.0,163.0,160.0,154.0,151.0,152.0
163.9090909090909,163.0,163.0,160.0,154.0,151.0,150.0,136.0
163.0,163.0,160.0,154.0,151.0,150.0,152.0,126.0
154.0,151.0,150.0,152.0,136.0,126.0,122.0,142.0
151.0,150.0,152.0,136.0,126.0,122.0,139.0,147.0
150.0,152.0,136.0,126.0,122.0,139.0,142.0,148.0
152.0,136.0,126.0,122.0,139.0,142.0,147.0,147.0
136.0,126.0,122.0,139.0,142.0,147.0,148.0,146.0
81.0,81.0,83.0,83.0,90.0,89.0,89.0,95.0
81.0,83.0,83.0,90.0,89.0,89.0,93.0,97.0
83.0,83.0,90.0,89.0,89.0,93.0,95.0,98.0
83.0,90.0,89.0,89.0,93.0,95.0,97.0,98.0
90.0,89.0,89.0,93.0,95.0,97.0,98.0,100.0
89.0,89.0,93.0,95.0,97.0,98.0,98.0,99.0
95.0,97.0,98.0,98.0,100.0,99.0,97.0,100.0
97.0,98.0,98.0,100.0,99.0,97.0,97.0,104.0
100.0,99.0,97.0,97.0,100.0,104.0,106.0,113.0
97.0,97.0,100.0,104.0,106.0,110.0,113.0,119.0
97.0,100.0,104.0,106.0,110.0,113.0,114.0,124.0
100.0,104.0,106.0,110.0,113.0,114.0,119.0,127.0
104.0,106.0,110.0,113.0,114.0,119.0,124.0,132.0
106.0,110.0,113.0,114.0,119.0,124.0,127.0,134.0
110.0,113.0,114.0,119.0,124.0,127.0,132.0,135.0
113.0,114.0,119.0,124.0,127.0,132.0,134.0,137.0
114.0,119.0,124.0,127.0,132.0,134.0,135.0,137.0
119.0,124.0,127.0,132.0,134.0,135.0,137.0,136.0
124.0,127.0,132.0,134.0,135.0,137.0,137.0,135.0
127.0,132.0,134.0,135.0,137.0,137.0,136.0,141.0
132.0,134.0,135.0,137.0,137.0,136.0,135.0,145.0
134.0,135.0,137.0,137.0,136.0,135.0,141.0,147.0
135.0,137.0,137.0,136.0,135.0,141.0,145.0,151.0
137.0,137.0,136.0,135.0,141.0,145.0,147.0,155.0
137.0,136.0,135.0,141.0,145.0,147.0,151.0,162.0
136.0,135.0,141.0,145.0,147.0,151.0,155.0,148.0
135.0,141.0,145.0,147.0,151.0,155.0,162.0,145.0
141.0,145.0,147.0,151.0,155.0,162.0,148.0,144.0
145.0,147.0,151.0,155.0,162.0,148.0,145.0,152.0
147.0,151.0,155.0,162.0,148.0,145.0,144.0,155.0
179.0,170.0,165.0,165.0,162.0,159.0,158.0,150.0
170.0,165.0,165.0,162.0,159.0,158.0,154.0,142.0
165.0,165.0,162.0,159.0,158.0,154.0,150.0,137.0
162.0,159.0,158.0,154.0,150.0,142.0,137.0,128.0
158.0,154.0,150.0,142.0,137.0,132.0,128.0,123.0
150.0,142.0,137.0,132.0,128.0,126.0,123.0,119.0
142.0,137.0,132.0,128.0,126.0,123.0,119.0,116.0
137.0,132.0,128.0,126.0,123.0,119.0,119.0,115.0
132.0,128.0,126.0,123.0,119.0,119.0,116.0,112.0
126.0,123.0,119.0,119.0,116.0,115.0,112.0,119.0
123.0,119.0,119.0,116.0,115.0,112.0,114.0,126.0
119.0,119.0,116.0,115.0,112.0,114.0,119.0,130.0
119.0,116.0,115.0,112.0,114.0,119.0,126.0,134.0
114.0,119.0,126.0,130.0,134.0,136.0,153.0,164.0
119.0,126.0,130.0,134.0,136.0,153.0,158.0,169.0
126.0,130.0,134.0,136.0,153.0,158.0,164.0,173.0
130.0,134.0,136.0,153.0,158.0,164.0,169.0,176.0
134.0,136.0,153.0,158.0,164.0,169.0,173.0,182.0
153.0,158.0,164.0,169.0,173.0,176.0,182.0,195.0
158.0,164.0,169.0,173.0,176.0,182.0,188.0,198.0
169.0,173.0,176.0,182.0,188.0,195.0,198.0,201.0
173.0,176.0,182.0,188.0,195.0,198.0,200.0,202.0
176.0,182.0,188.0,195.0,198.0,200.0,201.0,205.0
182.0,188.0,195.0,198.0,200.0,201.0,202.0,208.0
188.0,195.0,198.0,200.0,201.0,202.0,205.0,209.0
195.0,198.0,200.0,201.0,202.0,205.0,208.0,210.0
233.9090909090909,233.0,237.0,236.1,227.0909090909091,218.0,213.0,200.0
233.0,237.0,236.1,227.0909090909091,218.0,213.0,204.54545454545453,202.0
237.0,236.1,227.0909090909091,218.0,213.0,204.54545454545453,200.0,196.0
236.1,227.0909090909091,218.0,213.0,204.54545454545453,200.0,202.0,195.0
227.0909090909091,218.0,213.0,204.54545454545453,200.0,202.0,196.0,200.0
200.0,202.0,196.0,195.0,200.0,203.0,198.0,194.0
202.0,196.0,195.0,200.0,203.0,198.0,195.0,199.0
196.0,195.0,200.0,203.0,198.0,195.0,194.0,197.0
195.0,200.0,203.0,198.0,195.0,194.0,199.0,199.0
200.0,203.0,198.0,195.0,194.0,199.0,197.0,203.0
203.0,198.0,195.0,194.0,199.0,197.0,199.0,209.0
195.0,194.0,199.0,197.0,199.0,203.0,209.0,235.0
197.0,199.0,203.0,209.0,222.0,235.0,235.0,240.0
203.0,209.0,222.0,235.0,235.0,238.0,240.0,243.0
209.0,222.0,235.0,235.0,238.0,240.0,239.0,260.0
222.0,235.0,235.0,238.0,240.0,239.0,243.0,255.0
238.0,240.0,239.0,243.0,260.0,255.0,240.0,223.0
240.0,239.0,243.0,260.0,255.0,240.0,231.0,216.0
239.0,243.0,260.0,255.0,240.0,231.0,223.0,217.0
260.0,255.0,240.0,231.0,223.0,216.0,217.0,207.0
255.0,240.0,231.0,223.0,216.0,217.0,207.0,202.0
231.0,223.0,216.0,217.0,207.0,207.0,202.0,196.0
223.0,216.0,217.0,207.0,207.0,202.0,200.0,191.0
324.0,324.0,313.0,288.0,261.0,232.0,201.0,138.0
324.0,313.0,288.0,261.0,232.0,201.0,163.0,124.0
313.0,288.0,261.0,232.0,201.0,163.0,138.0,112.0
288.0,261.0,232.0,201.0,163.0,138.0,124.0,100.0
261.0,232.0,201.0,163.0,138.0,124.0,112.0,80.0
201.0,163.0,138.0,124.0,112.0,100.0,80.0,65.0
163.0,138.0,124.0,112.0,100.0,80.0,68.0,71.0
138.0,124.0,112.0,100.0,80.0,68.0,65.0,78.0
112.0,100.0,80.0,68.0,65.0,71.0,78.0,87.0
100.0,80.0,68.0,65.0,71.0,78.0,85.0,87.0
80.0,68.0,65.0,71.0,78.0,85.0,87.0,87.0
65.0,71.0,78.0,85.0,87.0,87.0,87.0,88.0
71.7,78.7,85.2,87.0,87.0,87.0,87.0,92.0
85.2,87.0,87.0,87.0,87.0,88.36363636363636,92.0,99.0
88.36363636363636,92.0,95.36363636363636,99.0,100.1,101.1,102.0,105.0
99.0,100.1,101.1,102.0,102.27272727272727,105.0,98.0,99.0
100.1,101.1,102.0,102.27272727272727,105.0,98.0,97.18181818181819,102.0
101.1,102.0,102.27272727272727,105.0,98.0,97.18181818181819,99.0,110.0
102.0,102.27272727272727,105.0,98.0,97.18181818181819,99.0,102.0,100.0
102.27272727272727,105.0,98.0,97.18181818181819,99.0,102.0,110.0,97.0
105.0,98.0,97.18181818181819,99.0,102.0,110.0,100.0,95.0
98.0,97.18181818181819,99.0,102.0,110.0,100.0,97.0,96.0
97.18181818181819,99.0,102.0,110.0,100.0,97.0,95.0,98.0
99.0,102.0,110.0,100.0,97.0,95.0,96.0,98.0
110.0,100.0,97.0,95.0,96.0,98.0,98.0,101.0
201.0,194.0,190.0,188.0,187.0,185.0,179.0,175.0
194.0,190.0,188.0,187.0,185.0,179.0,177.0,172.0
190.0,188.0,187.0,185.0,179.0,177.0,175.0,169.0
188.0,187.0,185.0,179.0,177.0,175.0,172.0,167.0
187.0,185.0,179.0,177.0,175.0,172.0,169.0,163.0
185.0,179.0,177.0,175.0,172.0,169.0,167.0,164.0
177.0,175.0,172.0,169.0,167.0,163.0,164.0,168.0
175.0,172.0,169.0,167.0,163.0,164.0,165.0,171.0
172.0,169.0,167.0,163.0,164.0,165.0,168.0,174.0
169.0,167.0,163.0,164.0,165.0,168.0,171.0,175.0
167.0,163.0,164.0,165.0,168.0,171.0,174.0,177.0
163.0,164.0,165.0,168.0,171.0,174.0,175.0,179.0
164.0,165.0,168.0,171.0,174.0,175.0,177.0,182.0
168.0,171.0,174.0,175.0,177.0,179.0,182.0,195.0
174.0,175.0,177.0,179.0,182.0,186.0,195.0,203.0
175.0,177.0,179.0,182.0,186.0,195.0,199.0,208.0
177.0,179.0,182.0,186.0,195.0,199.0,203.0,213.0
179.0,182.0,186.0,195.0,199.0,203.0,208.0,217.0
182.0,186.0,195.0,199.0,203.0,208.0,213.0,218.0
203.0,208.0,213.0,217.0,218.0,218.0,222.0,234.0
213.0,217.0,218.0,218.0,222.0,229.0,234.0,240.0
217.0,218.0,218.0,222.0,229.0,234.0,235.0,243.0
218.0,222.0,229.0,234.0,235.0,240.0,243.0,242.0
229.0,234.0,235.0,240.0,243.0,244.0,242.0,241.0
234.0,235.0,240.0,243.0,244.0,242.0,241.0,243.0
235.0,240.0,243.0,244.0,242.0,241.0,241.0,244.0
240.0,243.0,244.0,242.0,241.0,241.0,243.0,245.0
300.0,299.0,295.0,282.0,268.0,250.0,234.0,209.0
295.0,282.0,268.0,250.0,234.0,220.0,209.0,191.0
282.0,268.0,250.0,234.0,220.0,209.0,203.0,181.0
268.0,250.0,234.0,220.0,209.0,203.0,191.0,174.0
250.0,234.0,220.0,209.0,203.0,191.0,181.0,172.0
234.0,220.0,209.0,203.0,191.0,181.0,174.0,160.0
220.0,209.0,203.0,191.0,181.0,174.0,172.0,154.0
209.0,203.0,191.0,181.0,174.0,172.0,160.0,151.0
203.0,191.0,181.0,174.0,172.0,160.0,154.0,148.0
191.0,181.0,174.0,172.0,160.0,154.0,151.0,147.0
181.0,174.0,172.0,160.0,154.0,151.0,148.0,146.0
174.0,172.0,160.0,154.0,151.0,148.0,147.0,146.0
172.0,160.0,154.0,151.0,148.0,147.0,146.0,148.0
154.0,151.0,148.0,147.0,146.0,146.0,148.0,153.0
148.0,147.0,146.0,146.0,148.0,150.0,153.0,164.0
147.0,146.0,146.0,148.0,150.0,153.0,160.0,168.0
146.0,146.0,148.0,150.0,153.0,160.0,164.0,170.0
146.0,148.0,150.0,153.0,160.0,164.0,168.0,176.0
153.0,160.0,164.0,168.0,170.0,176.0,180.0,189.0
164.0,168.0,170.0,176.0,180.0,183.0,189.0,199.0
168.0,170.0,176.0,180.0,183.0,189.0,193.0,204.0
170.0,176.0,180.0,183.0,189.0,193.0,199.0,205.0
176.0,180.0,183.0,189.0,193.0,199.0,204.0,206.0
183.0,189.0,193.0,199.0,204.0,205.0,206.0,217.0
193.0,199.0,204.0,205.0,206.0,214.0,217.0,229.0
199.0,204.0,205.0,206.0,214.0,217.0,224.0,235.0
204.0,205.0,206.0,214.0,217.0,224.0,229.0,235.0
205.0,206.0,214.0,217.0,224.0,229.0,235.0,237.0
133.0,152.54545454545453,168.0,182.0,184.0,183.0,179.8,178.0
152.54545454545453,168.0,182.0,184.0,183.0,179.8,178.0,180.0
184.0,183.0,179.8,178.0,178.0,180.0,181.0,182.0
178.0,178.0,180.0,181.0,181.0,182.0,188.0,192.0
181.0,181.0,182.0,188.0,191.0,192.0,192.0,200.0
181.0,182.0,188.0,191.0,192.0,192.0,194.0,203.0
182.0,188.0,191.0,192.0,192.0,194.0,200.0,206.0
188.0,191.0,192.0,192.0,194.0,200.0,203.0,203.0
191.0,192.0,192.0,194.0,200.0,203.0,206.0,203.0
192.0,192.0,194.0,200.0,203.0,206.0,203.0,207.0
192.0,194.0,200.0,203.0,206.0,203.0,203.0,211.0
194.0,200.0,203.0,206.0,203.0,203.0,207.0,212.0
200.0,203.0,206.0,203.0,203.0,207.0,211.0,215.0
203.0,206.0,203.0,203.0,207.0,211.0,212.0,222.0
206.0,203.0,203.0,207.0,211.0,212.0,215.0,224.0
203.0,203.0,207.0,211.0,212.0,215.0,222.0,226.0
203.0,207.0,211.0,212.0,215.0,222.0,224.0,231.0
207.0,211.0,212.0,215.0,222.0,224.0,226.0,232.0
211.0,212.0,215.0,222.0,224.0,226.0,231.0,231.0
212.0,215.0,222.0,224.0,226.0,231.0,232.0,229.0
222.0,224.0,226.0,231.0,232.0,231.0,229.0,231.0
224.0,226.0,231.0,232.0,231.0,229.0,230.0,227.0
226.0,231.0,232.0,231.0,229.0,230.0,231.0,225.0
232.0,231.0,229.0,230.0,231.0,227.0,225.0,229.0
231.0,229.0,230.0,231.0,227.0,225.0,225.0,228.0
200.0,197.0,195.0,196.0,200.0,200.0,193.0,210.0
197.0,195.0,196.0,200.0,200.0,193.0,200.0,209.0
195.0,196.0,200.0,200.0,193.0,200.0,210.0,208.0
196.0,200.0,200.0,193.0,200.0,210.0,209.0,205.0
200.0,193.0,200.0,210.0,209.0,208.0,205.0,194.0
193.0,200.0,210.0,209.0,208.0,205.0,198.0,189.0
200.0,210.0,209.0,208.0,205.0,198.0,194.0,181.0
209.0,208.0,205.0,198.0,194.0,189.0,181.0,170.0
208.0,205.0,198.0,194.0,189.0,181.0,175.0,167.0
205.0,198.0,194.0,189.0,181.0,175.0,170.0,162.0
194.0,189.0,181.0,175.0,170.0,167.0,162.0,158.0
189.0,181.0,175.0,170.0,167.0,162.0,160.0,154.0
181.0,175.0,170.0,167.0,162.0,160.0,158.0,153.0
175.0,170.0,167.0,162.0,160.0,158.0,154.0,150.0
170.0,167.0,162.0,160.0,158.0,154.0,153.0,147.0
167.0,162.0,160.0,158.0,154.0,153.0,150.0,146.0
162.0,160.0,158.0,154.0,153.0,150.0,147.0,145.0
158.0,154.0,153.0,150.0,147.0,146.0,145.0,145.0
154.0,153.0,150.0,147.0,146.0,145.0,145.0,145.0
153.0,150.0,147.0,146.0,145.0,145.0,145.0,145.0
150.0,147.0,146.0,145.0,145.0,145.0,145.0,144.0
147.0,146.0,145.0,145.0,145.0,145.0,145.0,145.0
146.0,145.0,145.0,145.0,145.0,145.0,144.0,148.0
145.0,145.0,145.0,145.0,145.0,144.0,145.0,148.0
145.0,145.0,145.0,145.0,144.0,145.0,148.0,150.0
145.0,145.0,145.0,144.0,145.0,148.0,148.0,151.0
145.0,145.0,144.0,145.0,148.0,148.0,150.0,152.0
145.0,144.0,145.0,148.0,148.0,150.0,151.0,153.0
144.0,145.0,148.0,148.0,150.0,151.0,152.0,155.0
145.0,148.0,148.0,150.0,151.0,152.0,153.0,155.0
170.0,170.0,172.0,178.0,179.0,180.0,180.0,173.0
172.0,178.0,179.0,180.0,180.0,180.0,173.0,170.0
178.0,179.0,180.0,180.0,180.0,173.0,171.0,170.0
180.0,180.0,180.0,173.0,171.0,170.0,170.0,168.0
180.0,180.0,173.0,171.0,170.0,170.0,169.0,171.0
173.0,171.0,170.0,170.0,169.0,168.0,171.0,175.0
170.0,169.0,168.0,171.0,174.0,175.0,184.0,188.0
169.0,168.0,171.0,174.0,175.0,184.0,187.0,189.0
168.0,171.0,174.0,175.0,184.0,187.0,188.0,188.0
171.0,174.0,175.0,184.0,187.0,188.0,189.0,185.0
175.0,184.0,187.0,188.0,189.0,188.0,185.0,174.0
187.0,188.0,189.0,188.0,185.0,173.0,174.0,179.0
188.0,189.0,188.0,185.0,173.0,174.0,178.0,178.0
246.9,245.8,243.4,237.7,234.9,233.8181818181818,232.0,218.0
245.8,243.4,237.7,234.9,233.8181818181818,232.0,226.0,216.0
243.4,237.7,234.9,233.8181818181818,232.0,226.0,218.0,215.0
232.0,226.0,218.0,216.0,215.0,207.63636363636363,204.0,200.0
226.0,218.0,216.0,215.0,207.63636363636363,204.0,203.0,187.0
218.0,216.0,215.0,207.63636363636363,204.0,203.0,200.0,184.0
216.0,215.0,207.63636363636363,204.0,203.0,200.0,187.0,189.0
207.63636363636363,204.0,203.0,200.0,187.0,184.0,189.0,190.0
203.0,200.0,187.0,184.0,189.0,190.0,190.0,192.0
200.0,187.0,184.0,189.0,190.0,190.0,191.0,191.0
187.0,184.0,189.0,190.0,190.0,191.0,192.0,195.0
189.0,190.0,190.0,191.0,192.0,191.0,195.0,189.0
190.0,190.0,191.0,192.0,191.0,195.0,192.0,189.0
190.0,191.0,192.0,191.0,195.0,192.0,189.0,188.0
191.0,192.0,191.0,195.0,192.0,189.0,189.0,186.0
192.0,191.0,195.0,192.0,189.0,189.0,188.0,181.0
191.0,195.0,192.0,189.0,189.0,188.0,186.0,177.0
195.0,192.0,189.0,189.0,188.0,186.0,181.0,175.0
192.0,189.0,189.0,188.0,186.0,181.0,177.0,174.0
189.0,188.0,186.0,181.0,177.0,175.0,174.0,173.0
188.0,186.0,181.0,177.0,175.0,174.0,173.0,172.0
100.0,99.0,100.0,100.0,98.0,93.0,88.0,82.0
100.0,100.0,98.0,93.0,88.0,84.0,82.0,75.0
100.0,98.0,93.0,88.0,84.0,82.0,76.0,76.0
98.0,93.0,88.0,84.0,82.0,76.0,75.0,77.0
93.0,88.0,84.0,82.0,76.0,75.0,76.0,90.0
84.0,82.0,76.0,75.0,76.0,77.0,90.0,167.0
82.0,76.0,75.0,76.0,77.0,90.0,120.0,195.0
76.0,75.0,76.0,77.0,90.0,120.0,167.0,201.0
77.0,90.0,120.0,167.0,195.0,201.0,200.0,193.0
90.0,120.0,167.0,195.0,201.0,200.0,195.0,194.0
120.0,167.0,195.0,201.0,200.0,195.0,193.0,196.0
167.0,195.0,201.0,200.0,195.0,193.0,194.0,196.0
195.0,201.0,200.0,195.0,193.0,194.0,196.0,195.0
201.0,200.0,195.0,193.0,194.0,196.0,196.0,193.0
200.0,195.0,193.0,194.0,196.0,196.0,195.0,192.0
193.0,194.0,196.0,196.0,195.0,193.0,192.0,191.0
223.0,222.0,215.0,211.0,200.0,191.0,183.0,175.0
222.0,215.0,211.0,200.0,191.0,183.0,177.0,167.0
215.0,211.0,200.0,191.0,183.0,177.0,175.0,164.0
211.0,200.0,191.0,183.0,177.0,175.0,167.0,165.0
199.1,190.2,182.4,176.8,174.2,166.7,164.1,166.0
190.2,182.4,176.8,174.2,166.7,164.1,165.0909090909091,164.0
182.4,176.8,174.2,166.7,164.1,165.0909090909091,166.0,162.0
156.0,155.9090909090909,155.0,154.0,153.0,142.0,144.0,147.0
155.9090909090909,155.0,154.0,153.0,142.0,144.0,138.0,147.0
155.0,154.0,153.0,142.0,144.0,138.0,147.0,146.0
153.0,142.0,144.0,138.0,147.0,147.0,146.0,129.0
144.0,138.0,147.0,147.0,146.0,138.0,129.0,129.0
138.0,147.0,147.0,146.0,138.0,129.0,134.0,122.0
147.0,147.0,146.0,138.0,129.0,134.0,129.0,117.0
147.0,146.0,138.0,129.0,134.0,129.0,122.0,116.0
129.0,134.0,129.0,122.0,117.0,116.0,113.0,112.0
134.0,129.0,122.0,117.0,116.0,113.0,110.0,107.0
129.0,122.0,117.0,116.0,113.0,110.0,112.0,107.0
122.0,117.0,116.0,113.0,110.0,112.0,107.0,107.0
117.0,116.0,113.0,110.0,112.0,107.0,107.0,107.0
116.0,113.0,110.0,112.0,107.0,107.0,107.0,103.0
375.0,373.0,358.0,337.0,325.0,300.0,279.0,267.0
373.0,358.0,337.0,325.0,300.0,279.0,279.0,245.0
337.0,325.0,300.0,279.0,279.0,267.0,245.0,229.0
300.0,279.0,279.0,267.0,245.0,235.0,229.0,229.0
279.0,279.0,267.0,245.0,235.0,229.0,230.0,221.0
279.0,267.0,245.0,235.0,229.0,230.0,229.0,218.0
229.0,221.0,218.0,216.0,215.0,208.0,211.0,213.0
218.0,216.0,215.0,208.0,211.0,212.0,213.0,212.0
216.0,215.0,208.0,211.0,212.0,213.0,214.0,215.0
215.0,208.0,211.0,212.0,213.0,214.0,212.0,216.0
208.0,211.0,212.0,213.0,214.0,212.0,215.0,217.0
211.0,212.0,213.0,214.0,212.0,215.0,216.0,219.0
212.0,213.0,214.0,212.0,215.0,216.0,217.0,218.0
213.0,214.0,212.0,215.0,216.0,217.0,219.0,215.0
214.0,212.0,215.0,216.0,217.0,219.0,218.0,215.0
212.0,215.0,216.0,217.0,219.0,218.0,215.0,197.0
216.0,217.0,219.0,218.0,215.0,215.0,197.0,166.0
177.0,158.45454545454547,153.0,149.0,139.0,109.0,89.0,97.0
158.45454545454547,153.0,149.0,139.0,109.0,89.0,81.0,104.0
153.0,149.0,139.0,109.0,89.0,81.0,97.0,111.0
149.0,139.0,109.0,89.0,81.0,97.0,104.0,113.0
109.0,89.0,81.0,97.0,104.0,111.0,113.0,86.0
89.0,81.0,97.0,104.0,111.0,113.0,111.0,35.0
81.0,97.0,104.0,111.0,113.0,111.0,86.0,19.0
97.0,104.0,111.0,113.0,111.0,86.0,35.0,36.0
104.0,111.0,113.0,111.0,86.0,35.0,19.0,45.0
113.0,111.0,86.0,35.0,19.0,36.0,45.0,127.0
111.0,86.0,35.0,19.0,36.0,45.0,116.0,131.0
86.0,35.0,19.0,36.0,45.0,116.0,127.0,131.0
19.0,36.0,45.0,116.0,127.0,131.0,131.0,128.0
45.0,116.0,127.0,131.0,131.0,128.0,128.0,127.0
116.0,127.0,131.0,131.0,128.0,128.0,127.0,128.0
127.0,131.0,131.0,128.0,128.0,127.0,127.0,128.0
338.0,328.0,319.0,308.0,288.0,264.0,243.0,219.0
328.0,319.0,308.0,288.0,264.0,243.0,232.0,197.0
317.9,306.0,285.6,261.9,241.9,230.7,216.8,181.0
308.0,288.0,264.0,243.0,232.0,219.0,197.0,153.0
195.54545454545453,181.0,151.4,135.4,119.2,101.2,84.63636363636364,86.0
181.0,151.4,135.4,119.2,101.2,84.63636363636364,81.0,103.0
135.4,119.2,101.2,84.63636363636364,81.0,86.0,103.0,123.0
119.2,101.2,84.63636363636364,81.0,86.0,103.0,120.0,124.0
84.63636363636364,81.0,86.0,103.0,120.0,123.0,124.0,119.0
81.0,86.0,103.0,120.0,123.0,124.0,124.0,112.0
86.0,103.0,120.0,123.0,124.0,124.0,119.0,109.0
120.0,123.0,124.0,124.0,119.0,112.0,109.0,86.0
123.0,124.0,124.0,119.0,112.0,109.0,96.0,82.0
124.0,124.0,119.0,112.0,109.0,96.0,86.0,81.0
124.0,119.0,112.0,109.0,96.0,86.0,82.0,93.0
200.0,204.0,207.0,208.0,212.0,212.0,211.0,212.0
204.0,207.0,208.0,212.0,212.0,211.0,212.0,212.0
207.0,208.0,212.0,212.0,211.0,212.0,212.0,212.0
208.0,212.0,212.0,211.0,212.0,212.0,212.0,213.0
212.0,211.0,212.0,212.0,212.0,212.0,213.0,212.0
211.0,212.0,212.0,212.0,212.0,213.0,213.0,211.0
212.0,212.0,212.0,212.0,213.0,213.0,212.0,210.0
212.0,212.0,212.0,213.0,213.0,212.0,211.0,209.0
212.0,212.0,213.0,213.0,212.0,211.0,210.0,210.0
212.0,213.0,213.0,212.0,211.0,210.0,209.0,211.0
213.0,213.0,212.0,211.0,210.0,209.0,210.0,210.0
211.0,210.0,209.0,210.0,211.0,210.0,208.0,208.0
210.0,209.0,210.0,211.0,210.0,208.0,208.0,209.0
209.0,210.0,211.0,210.0,208.0,208.0,208.0,211.0
210.0,211.0,210.0,208.0,208.0,208.0,209.0,214.0
210.0,208.0,208.0,208.0,209.0,211.0,214.0,215.0
208.0,208.0,208.0,209.0,211.0,214.0,217.0,214.0
208.0,208.0,209.0,211.0,214.0,217.0,215.0,216.0
208.0,209.0,211.0,214.0,217.0,215.0,214.0,215.0
211.0,214.0,217.0,215.0,214.0,216.0,215.0,208.0
214.0,217.0,215.0,214.0,216.0,215.0,211.0,205.0
216.8,214.9,214.2,215.9,214.6,210.7,207.7,205.0
214.2,215.9,214.6,210.7,207.7,205.0,205.0,204.0
207.7,205.0,205.0,205.8181818181818,204.0,196.54545454545453,192.0,183.0
205.0,205.0,205.8181818181818,204.0,196.54545454545453,192.0,187.54545454545453,177.0
205.8181818181818,204.0,196.54545454545453,192.0,187.54545454545453,183.0,177.0,167.0
202.0,202.0,200.0,194.0,187.0,180.0,174.0,164.0
194.0,187.0,180.0,174.0,168.0,164.0,163.0,176.0
180.0,174.0,168.0,164.0,163.0,168.0,176.0,176.0
174.0,168.0,164.0,163.0,168.0,176.0,179.0,174.0
168.0,164.0,163.0,168.0,176.0,179.0,176.0,180.0
163.0,168.0,176.0,179.0,176.0,174.0,180.0,202.0
168.0,176.0,179.0,176.0,174.0,180.0,189.0,205.0
176.0,179.0,176.0,174.0,180.0,189.0,202.0,206.0
176.0,174.0,180.0,189.0,202.0,205.0,206.0,215.0
174.0,180.0,189.0,202.0,205.0,206.0,211.0,219.0
180.0,189.0,202.0,205.0,206.0,211.0,215.0,224.0
189.0,202.0,205.0,206.0,211.0,215.0,219.0,228.0
202.0,205.0,206.0,211.0,215.0,219.0,224.0,234.0
205.0,206.0,211.0,215.0,219.0,224.0,228.0,232.0
206.0,211.0,215.0,219.0,224.0,228.0,234.0,232.0
215.0,219.0,224.0,228.0,234.0,232.0,232.0,246.0
224.0,228.0,234.0,232.0,232.0,238.0,246.0,257.0
228.0,234.0,232.0,232.0,238.0,246.0,255.0,259.0
234.0,232.0,232.0,238.0,246.0,255.0,257.0,261.0
232.0,232.0,238.0,246.0,255.0,257.0,259.0,259.0
238.0,246.0,255.0,257.0,259.0,261.0,259.0,258.0
246.0,255.0,257.0,259.0,261.0,259.0,257.0,258.0
255.0,257.0,259.0,261.0,259.0,257.0,258.0,250.0
257.0,259.0,261.0,259.0,257.0,258.0,258.0,237.0
259.0,261.0,259.0,257.0,258.0,258.0,250.0,232.0
261.0,259.0,257.0,258.0,258.0,250.0,237.0,229.0
259.0,257.0,258.0,258.0,250.0,237.0,232.0,227.0
257.0,258.0,258.0,250.0,237.0,232.0,229.0,220.0
239.0,238.0,238.0,238.0,236.0,239.0,243.0,235.0
238.0,238.0,238.0,236.0,239.0,243.0,241.0,235.0
236.0,239.0,243.0,241.0,235.0,235.0,234.0,239.0
239.0,243.0,241.0,235.0,235.0,234.0,234.0,243.0
243.0,241.0,235.0,235.0,234.0,234.0,239.0,241.0
241.0,235.0,235.0,234.0,234.0,239.0,243.0,240.0
235.0,235.0,234.0,234.0,239.0,243.0,241.0,234.0
235.0,234.0,234.0,239.0,243.0,241.0,240.0,225.0
234.0,234.0,239.0,243.0,241.0,240.0,234.0,214.0
234.0,239.0,243.0,241.0,240.0,234.0,225.0,204.0
239.0,243.0,241.0,240.0,234.0,225.0,214.0,195.0
243.0,241.0,240.0,234.0,225.0,214.0,204.0,187.0
240.0,234.0,225.0,214.0,204.0,195.0,187.0,178.0
225.0,214.0,204.0,195.0,187.0,182.0,178.0,172.0
214.0,204.0,195.0,187.0,182.0,178.0,174.0,172.0
181.6,177.6,173.8,172.0,171.7,169.0,169.0,166.0
178.0,174.0,172.0,172.0,169.0,169.0,169.0,167.0
173.8,172.0,171.7,169.0,169.0,168.72727272727272,166.0,167.0
168.72727272727272,166.0,167.0,167.0,173.0,172.6,168.7,163.0
172.6,168.7,165.72727272727272,163.0,165.3,167.2,159.9,160.0
168.7,165.72727272727272,163.0,165.3,167.2,159.9,159.0909090909091,159.0
151.0,156.0,165.0,169.45454545454547,174.0,174.0,170.0,158.0
165.0,169.45454545454547,174.0,174.0,170.0,164.0,158.0,150.0
174.0,174.0,170.0,164.0,158.0,154.0,150.0,145.0
174.0,170.0,164.0,158.0,154.0,150.0,148.0,144.0
170.0,164.0,158.0,154.0,150.0,148.0,145.0,144.0
164.0,158.0,154.0,150.0,148.0,145.0,144.0,144.0
158.0,154.0,150.0,148.0,145.0,144.0,144.0,146.0
154.0,150.0,148.0,145.0,144.0,144.0,144.0,149.0
150.0,148.0,145.0,144.0,144.0,144.0,146.0,152.0
148.0,145.0,144.0,144.0,144.0,146.0,149.0,153.0
145.0,144.0,144.0,144.0,146.0,149.0,152.0,154.0
144.0,144.0,144.0,146.0,149.0,152.0,153.0,160.0
144.0,144.0,146.0,149.0,152.0,153.0,154.0,160.0
144.0,146.0,149.0,152.0,153.0,154.0,160.0,160.0
146.0,149.0,152.0,153.0,154.0,160.0,160.0,162.0
149.0,152.0,153.0,154.0,160.0,160.0,160.0,165.0
153.0,154.0,160.0,160.0,160.0,162.0,165.0,172.0
154.0,160.0,160.0,160.0,162.0,165.0,167.0,171.0
160.0,160.0,160.0,162.0,165.0,167.0,172.0,171.0
160.0,160.0,162.0,165.0,167.0,172.0,171.0,171.0
160.0,162.0,165.0,167.0,172.0,171.0,171.0,175.0
162.0,165.0,167.0,172.0,171.0,171.0,171.0,177.0
165.0,167.0,172.0,171.0,171.0,171.0,175.0,182.0
167.0,172.0,171.0,171.0,171.0,175.0,177.0,183.0
172.0,171.0,171.0,171.0,175.0,177.0,182.0,184.0
171.0,171.0,175.0,177.0,182.0,183.0,184.0,185.0
171.0,175.0,177.0,182.0,183.0,184.0,184.0,184.0
115.0,121.0,127.0,130.0,140.0,145.0,153.0,171.0
121.0,127.0,130.0,140.0,145.0,153.0,164.0,176.0
130.0,140.0,145.0,153.0,164.0,171.0,176.0,192.0
145.0,153.0,164.0,171.0,176.0,187.0,192.0,208.0
153.0,164.0,171.0,176.0,187.0,192.0,205.0,210.0
164.0,171.0,176.0,187.0,192.0,205.0,208.0,208.0
171.0,176.0,187.0,192.0,205.0,208.0,210.0,207.0
176.0,187.0,192.0,205.0,208.0,210.0,208.0,199.0
187.0,192.0,205.0,208.0,210.0,208.0,207.0,192.0
192.0,205.0,208.0,210.0,208.0,207.0,199.0,187.0
205.0,208.0,210.0,208.0,207.0,199.0,192.0,183.0
208.0,210.0,208.0,207.0,199.0,192.0,187.0,177.0
208.0,207.0,199.0,192.0,187.0,183.0,177.0,177.0
207.0,199.0,192.0,187.0,183.0,177.0,174.0,178.0
198.3,191.5,186.6,182.4,176.7,174.3,177.1,174.0
182.4,176.7,174.3,177.1,177.63636363636363,174.0,172.0,171.0
174.3,177.1,177.63636363636363,174.0,172.0,171.0,171.0,174.0
177.1,177.63636363636363,174.0,172.0,171.0,171.0,174.9090909090909,180.0
177.63636363636363,174.0,172.0,171.0,171.0,174.9090909090909,174.0,180.0
172.0,171.0,171.0,174.9090909090909,174.0,180.0,180.0,178.0
171.0,171.0,174.9090909090909,174.0,180.0,180.0,180.72727272727272,176.0
171.0,174.9090909090909,174.0,180.0,180.0,180.72727272727272,178.0,176.0
174.0,180.0,180.0,180.72727272727272,178.0,176.0,176.0,180.0
180.0,180.0,180.72727272727272,178.0,176.0,176.0,177.0,182.0
180.0,180.72727272727272,178.0,176.0,176.0,177.0,180.0,181.0
178.0,176.0,176.0,177.0,180.0,182.0,181.0,166.0
176.0,176.0,177.0,180.0,182.0,181.0,171.0,166.0
201.0,203.0,204.0,201.0,203.0,201.0,197.0,181.0
203.0,204.0,201.0,203.0,201.0,197.0,191.0,172.0
204.0,201.0,203.0,201.0,197.0,191.0,181.0,168.0
201.0,203.0,201.0,197.0,191.0,181.0,172.0,167.0
203.0,201.0,197.0,191.0,181.0,172.0,168.0,170.0
201.0,197.0,191.0,181.0,172.0,168.0,167.0,155.0
191.0,181.0,172.0,168.0,167.0,170.0,155.0,146.0
172.0,168.0,167.0,170.0,155.0,149.0,146.0,141.0
168.0,167.0,170.0,155.0,149.0,146.0,143.0,141.0
167.0,170.0,155.0,149.0,146.0,143.0,141.0,140.0
170.0,155.0,149.0,146.0,143.0,141.0,141.0,138.0
146.0,143.0,141.0,141.0,140.0,138.0,136.0,138.0
143.0,141.0,141.0,140.0,138.0,136.0,137.0,139.0
141.0,140.0,138.0,136.0,137.0,138.0,139.0,141.0
138.0,136.0,137.0,138.0,139.0,140.0,141.0,148.0
136.0,137.0,138.0,139.0,140.0,141.0,148.0,147.0
139.0,140.0,141.0,148.0,148.0,147.0,146.0,148.0
140.0,141.0,148.0,148.0,147.0,146.0,147.0,148.0
141.0,148.0,148.0,147.0,146.0,147.0,148.0,147.0
148.0,148.0,147.0,146.0,147.0,148.0,148.0,146.0
148.0,147.0,146.0,147.0,148.0,148.0,147.0,146.0
146.0,147.0,148.0,148.0,147.0,146.0,146.0,148.0
148.0,148.0,147.0,146.0,146.0,146.0,148.0,161.0
148.0,147.0,146.0,146.0,146.0,148.0,154.0,162.0
147.0,146.0,146.0,146.0,148.0,154.0,161.0,168.0
166.0,146.2,128.8,117.0,106.9,96.1,87.18181818181819,71.0
117.0,106.9,96.1,87.18181818181819,79.0,71.0,70.0,68.0
79.0,71.0,70.0,69.81818181818181,68.0,67.9,67.1,68.0
71.0,70.0,69.81818181818181,68.0,67.9,67.1,68.0,68.0
70.0,69.81818181818181,68.0,67.9,67.1,68.0,68.0,69.0
68.0,67.9,67.1,68.0,68.0,68.0,69.0,77.0
67.9,67.1,68.0,68.0,68.0,69.0,73.0,81.0
68.0,68.0,68.0,69.0,73.0,77.0,81.0,84.0
68.0,68.0,69.0,73.0,77.0,81.0,83.0,86.0
68.0,69.0,73.0,77.0,81.0,83.0,84.0,90.0
77.0,81.0,83.0,84.0,86.0,90.0,94.0,99.0
83.0,84.0,86.0,90.0,94.0,96.0,99.0,106.0
84.0,86.0,90.0,94.0,96.0,99.0,102.0,107.0
90.0,94.0,96.0,99.0,102.0,106.0,107.0,108.0
96.0,99.0,102.0,106.0,107.0,105.0,108.0,90.0
107.0,105.0,108.0,106.0,90.0,89.0,111.0,116.0
105.0,108.0,106.0,90.0,89.0,111.0,115.0,118.0
106.0,90.0,89.0,111.0,115.0,116.0,118.0,118.0
90.0,89.0,111.0,115.0,116.0,118.0,119.0,117.0
203.0,208.0,210.0,208.0,217.0,206.0,188.0,167.0
208.0,210.0,208.0,217.0,206.0,188.0,174.0,141.0
210.0,208.0,217.0,206.0,188.0,174.0,167.0,126.0
208.0,217.0,206.0,188.0,174.0,167.0,141.0,117.0
217.0,206.0,188.0,174.0,167.0,141.0,126.0,114.0
188.0,174.0,167.0,141.0,126.0,117.0,114.0,104.0
174.0,167.0,141.0,126.0,117.0,114.0,110.0,111.0
126.0,117.0,114.0,110.0,104.0,111.0,121.0,121.0
104.0,111.0,121.0,123.0,121.0,121.0,121.0,125.0
111.0,121.0,123.0,121.0,121.0,121.0,123.0,128.0
121.0,123.0,121.0,121.0,121.0,123.0,125.0,131.0
123.0,121.0,121.0,121.0,123.0,125.0,128.0,136.0
121.0,121.0,121.0,123.0,125.0,128.0,131.0,115.0
121.0,121.0,123.0,125.0,128.0,131.0,136.0,113.0
121.0,123.0,125.0,128.0,131.0,136.0,115.0,147.0
125.0,128.0,131.0,136.0,115.0,113.0,147.0,165.0
136.0,115.0,113.0,147.0,156.0,165.0,165.0,170.0
113.0,147.0,156.0,165.0,165.0,165.0,170.0,177.0
147.0,156.0,165.0,165.0,165.0,170.0,171.0,177.0
156.0,165.0,165.0,165.0,170.0,171.0,177.0,179.0
165.0,165.0,165.0,170.0,171.0,177.0,177.0,181.0
165.0,165.0,170.0,171.0,177.0,177.0,179.0,182.0
170.0,171.0,177.0,177.0,179.0,181.0,182.0,205.0
171.0,177.0,177.0,179.0,181.0,182.0,184.0,208.0
177.0,177.0,179.0,181.0,182.0,184.0,205.0,204.0
