75.0,78.0,81.0,84.0,88.0,91.0,94.0,103.0
78.0,81.0,84.0,88.0,91.0,94.0,99.0,109.0
81.0,84.0,88.0,91.0,94.0,99.0,103.0,124.0
84.0,88.0,91.0,94.0,99.0,103.0,109.0,135.0
88.0,91.0,94.0,99.0,103.0,109.0,124.0,145.0
94.0,99.0,103.0,109.0,124.0,135.0,145.0,156.0
99.0,103.0,109.0,124.0,135.0,145.0,152.0,159.0
103.0,109.0,124.0,135.0,145.0,152.0,156.0,162.0
109.0,124.0,135.0,145.0,152.0,156.0,159.0,163.0
124.0,135.0,145.0,152.0,156.0,159.0,162.0,162.0
135.0,145.0,152.0,156.0,159.0,162.0,163.0,161.0
152.0,156.0,159.0,162.0,163.0,162.0,161.0,161.0
156.0,159.0,162.0,163.0,162.0,161.0,161.0,162.0
159.0,162.0,163.0,162.0,161.0,161.0,161.0,164.0
162.0,163.0,162.0,161.0,161.0,161.0,162.0,165.0
163.0,162.0,161.0,161.0,161.0,162.0,164.0,169.0
161.0,161.0,161.0,162.0,164.0,165.0,169.0,170.0
161.0,161.0,162.0,164.0,165.0,169.0,170.0,170.0
161.0,162.0,164.0,165.0,169.0,170.0,170.0,170.0
162.0,164.0,165.0,169.0,170.0,170.0,170.0,171.0
164.0,165.0,169.0,170.0,170.0,170.0,170.0,171.0
165.0,169.0,170.0,170.0,170.0,170.0,171.0,171.0
169.0,170.0,170.0,170.0,170.0,171.0,171.0,171.0
170.0,170.0,170.0,171.0,171.0,171.0,171.0,163.0
170.0,171.0,171.0,171.0,171.0,167.0,163.0,148.0
171.0,171.0,171.0,171.0,167.0,163.0,155.0,130.0
171.0,171.0,171.0,167.0,163.0,155.0,148.0,117.0
171.0,171.0,167.0,163.0,155.0,148.0,130.0,114.0
171.0,167.0,163.0,155.0,148.0,130.0,117.0,119.0
167.0,163.0,155.0,148.0,130.0,117.0,114.0,128.0
144.0,140.0,136.0,131.0,127.0,122.0,117.0,109.0
136.0,131.0,127.0,122.0,117.0,112.0,109.0,105.0
131.0,127.0,122.0,117.0,112.0,109.0,106.0,103.0
127.0,122.0,117.0,112.0,109.0,106.0,105.0,101.0
122.0,117.0,112.0,109.0,106.0,105.0,103.0,99.0
112.0,109.0,106.0,105.0,103.0,101.0,99.0,92.0
109.0,106.0,105.0,103.0,101.0,99.0,96.0,89.0
105.0,103.0,101.0,99.0,96.0,92.0,89.0,84.0
103.0,101.0,99.0,96.0,92.0,89.0,87.0,82.0
101.0,99.0,96.0,92.0,89.0,87.0,84.0,79.0
96.0,92.0,89.0,87.0,84.0,82.0,79.0,74.0
92.0,89.0,87.0,84.0,82.0,79.0,78.0,72.0
89.0,87.0,84.0,82.0,79.0,78.0,74.0,71.0
87.0,84.0,82.0,79.0,78.0,74.0,72.0,72.0
84.0,82.0,79.0,78.0,74.0,72.0,71.0,72.0
82.0,79.0,78.0,74.0,72.0,71.0,72.0,73.0
78.0,74.0,72.0,71.0,72.0,72.0,73.0,78.0
72.0,72.0,73.0,75.0,78.0,79.0,80.0,88.0
72.0,73.0,75.0,78.0,79.0,80.0,81.0,99.0
73.0,75.0,78.0,79.0,80.0,81.0,88.0,110.0
75.0,78.0,79.0,80.0,81.0,88.0,99.0,125.0
73.0,70.0,67.0,65.0,64.0,63.0,64.0,65.0
70.0,67.0,65.0,64.0,63.0,64.0,64.0,67.0
64.0,63.0,64.0,64.0,65.0,67.0,68.0,66.0
63.0,64.0,64.0,65.0,67.0,68.0,67.0,69.0
64.0,64.0,65.0,67.0,68.0,67.0,66.0,71.0
64.0,65.0,67.0,68.0,67.0,66.0,69.0,73.0
65.0,67.0,68.0,67.0,66.0,69.0,71.0,74.0
68.0,67.0,66.0,69.0,71.0,73.0,74.0,74.0
66.0,69.0,71.0,73.0,74.0,74.0,74.0,74.0
69.0,71.0,73.0,74.0,74.0,74.0,74.0,74.0
71.0,73.0,74.0,74.0,74.0,74.0,74.0,74.0
73.0,74.0,74.0,74.0,74.0,74.0,74.0,74.0
74.0,74.0,74.0,74.0,74.0,74.0,74.0,72.0
74.0,74.0,74.0,74.0,74.0,72.0,71.0,69.0
74.0,74.0,74.0,74.0,72.0,71.0,70.0,69.0
74.0,74.0,74.0,72.0,71.0,70.0,69.0,68.0
74.0,74.0,72.0,71.0,70.0,69.0,69.0,67.0
74.0,72.0,71.0,70.0,69.0,69.0,68.0,65.0
72.0,71.0,70.0,69.0,69.0,68.0,67.0,65.0
71.0,70.0,69.0,69.0,68.0,67.0,65.0,65.0
70.0,69.0,69.0,68.0,67.0,65.0,65.0,64.0
69.0,68.0,67.0,65.0,65.0,65.0,64.0,62.0
68.0,67.0,65.0,65.0,65.0,64.0,63.0,65.0
67.0,65.0,65.0,65.0,64.0,63.0,62.0,73.0
65.0,65.0,65.0,64.0,63.0,62.0,65.0,85.0
65.0,65.0,64.0,63.0,62.0,65.0,73.0,91.0
65.0,64.0,63.0,62.0,65.0,73.0,85.0,95.0
64.0,63.0,62.0,65.0,73.0,85.0,91.0,98.0
108.0,125.0,135.0,142.0,144.0,145.0,145.0,148.0
125.0,135.0,142.0,144.0,145.0,145.0,146.0,148.0
135.0,142.0,144.0,145.0,145.0,146.0,148.0,147.0
142.0,144.0,145.0,145.0,146.0,148.0,148.0,147.0
144.0,145.0,145.0,146.0,148.0,148.0,147.0,144.0
145.0,145.0,146.0,148.0,148.0,147.0,147.0,143.0
145.0,146.0,148.0,148.0,147.0,147.0,144.0,142.0
146.0,148.0,148.0,147.0,147.0,144.0,143.0,143.0
148.0,148.0,147.0,147.0,144.0,143.0,142.0,145.0
148.0,147.0,147.0,144.0,143.0,142.0,143.0,147.0
147.0,147.0,144.0,143.0,142.0,143.0,145.0,148.0
147.0,144.0,143.0,142.0,143.0,145.0,147.0,149.0
144.0,143.0,142.0,143.0,145.0,147.0,148.0,149.0
143.0,142.0,143.0,145.0,147.0,148.0,149.0,146.0
142.0,143.0,145.0,147.0,148.0,149.0,149.0,144.0
145.0,147.0,148.0,149.0,149.0,146.0,144.0,136.0
147.0,148.0,149.0,149.0,146.0,144.0,142.0,134.0
144.0,142.0,136.0,134.0,132.0,131.0,129.0,126.0
134.0,132.0,131.0,129.0,127.0,126.0,127.0,127.0
131.0,129.0,127.0,126.0,127.0,127.0,127.0,138.0
129.0,127.0,126.0,127.0,127.0,127.0,130.0,145.0
127.0,127.0,130.0,138.0,145.0,152.0,158.0,166.0
127.0,130.0,138.0,145.0,152.0,158.0,163.0,171.0
130.0,138.0,145.0,152.0,158.0,163.0,166.0,183.0
151.1,151.63636363636363,148.0,148.0,146.0,145.0,149.0,146.0
148.0,148.0,146.0,145.0,149.0,148.72727272727272,146.0,144.0
146.0,145.0,149.0,148.72727272727272,146.0,144.9090909090909,144.0,136.0
145.0,149.0,148.72727272727272,146.0,144.9090909090909,144.0,137.0,128.0
149.0,148.72727272727272,146.0,144.9090909090909,144.0,137.0,136.0,125.0
148.72727272727272,146.0,144.9090909090909,144.0,137.0,136.0,128.0,124.0
146.0,144.9090909090909,144.0,137.0,136.0,128.0,125.0,122.0
144.9090909090909,144.0,137.0,136.0,128.0,125.0,124.0,120.0
144.0,137.0,136.0,128.0,125.0,124.0,122.0,115.0
137.0,136.0,128.0,125.0,124.0,122.0,120.0,112.0
128.0,125.0,124.0,122.0,120.0,115.0,112.0,96.0
125.0,124.0,122.0,120.0,115.0,112.0,110.0,97.0
124.0,122.0,120.0,115.0,112.0,110.0,96.0,94.0
122.0,120.0,115.0,112.0,110.0,96.0,97.0,101.0
120.0,115.0,112.0,110.0,96.0,97.0,94.0,103.0
112.0,110.0,96.0,97.0,94.0,101.0,103.0,99.0
96.0,97.0,94.0,101.0,103.0,103.0,99.0,96.0
97.0,94.0,101.0,103.0,103.0,99.0,97.0,96.0
94.0,101.0,103.0,103.0,99.0,97.0,96.0,95.0
101.0,103.0,103.0,99.0,97.0,96.0,96.0,97.0
103.0,99.0,97.0,96.0,96.0,95.0,97.0,102.0
97.0,96.0,96.0,95.0,97.0,98.0,102.0,104.0
96.0,95.0,97.0,98.0,102.0,104.0,104.0,109.0
95.0,97.0,98.0,102.0,104.0,104.0,104.0,125.0
97.0,98.0,102.0,104.0,104.0,104.0,109.0,140.0
129.0,127.0,127.0,128.0,132.0,138.0,143.0,147.0
127.0,127.0,128.0,132.0,138.0,143.0,149.0,143.0
127.0,128.0,132.0,138.0,143.0,149.0,147.0,140.0
132.0,138.0,143.0,149.0,147.0,143.0,140.0,139.0
143.0,149.0,147.0,143.0,140.0,138.0,139.0,123.0
149.0,147.0,143.0,140.0,138.0,139.0,130.0,121.0
147.0,143.0,140.0,138.0,139.0,130.0,123.0,117.0
138.0,139.0,130.0,123.0,121.0,117.0,114.0,111.0
139.0,130.0,123.0,121.0,117.0,114.0,113.0,112.0
130.0,123.0,121.0,117.0,114.0,113.0,111.0,111.0
123.0,121.0,117.0,114.0,113.0,111.0,112.0,108.0
117.0,114.0,113.0,111.0,112.0,111.0,108.0,102.0
114.0,113.0,111.0,112.0,111.0,108.0,105.0,96.0
113.0,111.0,112.0,111.0,108.0,105.0,102.0,94.0
111.0,112.0,111.0,108.0,105.0,102.0,96.0,91.0
108.0,105.0,102.0,96.0,94.0,91.0,90.0,82.0
105.0,102.0,96.0,94.0,91.0,90.0,86.0,80.0
102.0,96.0,94.0,91.0,90.0,86.0,82.0,77.0
96.0,94.0,91.0,90.0,86.0,82.0,80.0,77.0
91.0,90.0,86.0,82.0,80.0,77.0,77.0,84.0
90.0,86.0,82.0,80.0,77.0,77.0,82.0,84.0
86.0,82.0,80.0,77.0,77.0,82.0,84.0,79.0
82.0,80.0,77.0,77.0,82.0,84.0,84.0,78.0
80.0,77.0,77.0,82.0,84.0,84.0,79.0,82.0
77.0,77.0,82.0,84.0,84.0,79.0,78.0,96.0
77.0,82.0,84.0,84.0,79.0,78.0,82.0,115.0
84.0,84.0,79.0,78.0,82.0,96.0,115.0,133.0
86.0,84.0,81.0,80.0,80.0,81.0,80.0,69.0
81.0,80.0,80.0,81.0,80.0,73.0,69.0,69.0
80.0,80.0,81.0,80.0,73.0,69.0,69.0,67.0
80.0,81.0,80.0,73.0,69.0,69.0,69.0,67.0
80.0,73.0,69.0,69.0,69.0,67.0,67.0,85.0
73.0,69.0,69.0,69.0,67.0,67.0,74.0,94.0
69.0,69.0,69.0,67.0,67.0,74.0,85.0,95.0
69.0,69.0,67.0,67.0,74.0,85.0,94.0,99.0
69.0,67.0,67.0,74.0,85.0,94.0,95.0,103.0
74.0,85.0,94.0,95.0,99.0,103.0,108.0,113.0
85.0,94.0,95.0,99.0,103.0,108.0,112.0,115.0
94.0,95.0,99.0,103.0,108.0,112.0,113.0,114.0
95.0,99.0,103.0,108.0,112.0,113.0,115.0,113.0
99.0,103.0,108.0,112.0,113.0,115.0,114.0,115.0
103.0,108.0,112.0,113.0,115.0,114.0,113.0,116.0
112.0,113.0,115.0,114.0,113.0,115.0,116.0,118.0
113.0,115.0,114.0,113.0,115.0,116.0,117.0,119.0
113.2,115.1,116.1,117.1,118.1,118.8,116.72727272727273,113.0
115.1,116.1,117.1,118.1,118.8,116.72727272727273,114.0,109.0
114.0,113.0,109.0,101.2,93.4,87.6,83.9,81.0
113.0,109.0,101.2,93.4,87.6,83.9,82.81818181818181,84.0
109.0,101.2,93.4,87.6,83.9,82.81818181818181,81.0,82.0
101.2,93.4,87.6,83.9,82.81818181818181,81.0,84.0,75.0
93.4,87.6,83.9,82.81818181818181,81.0,84.0,82.0,68.0
93.0,95.0,98.0,104.0,105.0,109.0,118.0,137.0
95.0,98.0,104.0,105.0,109.0,118.0,123.0,140.0
98.0,104.0,105.0,109.0,118.0,123.0,137.0,143.0
104.0,105.0,109.0,118.0,123.0,137.0,140.0,146.0
105.0,109.0,118.0,123.0,137.0,140.0,143.0,147.0
109.0,118.0,123.0,137.0,140.0,143.0,146.0,146.0
118.0,123.0,137.0,140.0,143.0,146.0,147.0,148.0
123.0,137.0,140.0,143.0,146.0,147.0,146.0,151.0
137.0,140.0,143.0,146.0,147.0,146.0,148.0,154.0
140.0,143.0,146.0,147.0,146.0,148.0,151.0,155.0
143.0,146.0,147.0,146.0,148.0,151.0,154.0,155.0
146.0,147.0,146.0,148.0,151.0,154.0,155.0,151.0
147.0,146.0,148.0,151.0,154.0,155.0,155.0,149.0
146.0,148.0,151.0,154.0,155.0,155.0,151.0,148.0
148.0,151.0,154.0,155.0,155.0,151.0,149.0,147.0
151.0,154.0,155.0,155.0,151.0,149.0,148.0,146.0
154.0,155.0,155.0,151.0,149.0,148.0,147.0,147.0
155.0,155.0,151.0,149.0,148.0,147.0,146.0,145.0
155.0,151.0,149.0,148.0,147.0,146.0,147.0,143.0
149.0,148.0,147.0,146.0,147.0,145.0,143.0,146.0
147.0,146.0,147.0,145.0,143.0,143.0,146.0,147.0
147.0,145.0,143.0,143.0,146.0,147.0,147.0,148.0
144.8,143.0,143.3,146.1,147.0,147.1,148.0,146.0
143.0,143.3,146.1,147.0,147.1,148.0,147.8181818181818,141.0
147.0,147.1,148.0,147.8181818181818,146.0,141.0,136.5,135.0
146.0,141.0,136.5,132.27272727272728,135.0,137.9,147.7,175.0
141.0,136.5,132.27272727272728,135.0,137.9,147.7,164.0909090909091,184.0
104.0,104.0,105.0,110.0,117.0,126.0,130.0,140.0
104.0,105.0,110.0,117.0,126.0,130.0,136.0,143.0
105.0,110.0,117.0,126.0,130.0,136.0,140.0,146.0
140.0,143.0,146.0,149.0,150.0,150.0,148.0,143.0
143.0,146.0,149.0,150.0,150.0,148.0,145.0,141.0
146.0,149.0,150.0,150.0,148.0,145.0,143.0,137.0
149.0,150.0,150.0,148.0,145.0,143.0,141.0,135.0
150.0,150.0,148.0,145.0,143.0,141.0,137.0,134.0
150.0,148.0,145.0,143.0,141.0,137.0,135.0,133.0
148.0,145.0,143.0,141.0,137.0,135.0,134.0,132.0
141.0,137.0,135.0,134.0,133.0,132.0,132.0,132.0
137.0,135.0,134.0,133.0,132.0,132.0,132.0,130.0
135.0,134.0,133.0,132.0,132.0,132.0,132.0,129.0
133.0,132.0,132.0,132.0,132.0,130.0,129.0,120.0
132.0,132.0,132.0,132.0,130.0,129.0,123.0,122.0
132.0,130.0,129.0,123.0,120.0,122.0,127.0,128.0
130.0,129.0,123.0,120.0,122.0,127.0,126.0,129.0
123.0,120.0,122.0,127.0,126.0,128.0,129.0,129.0
120.0,122.0,127.0,126.0,128.0,129.0,132.0,120.0
122.0,127.0,126.0,128.0,129.0,132.0,129.0,117.0
127.0,126.0,128.0,129.0,132.0,129.0,120.0,124.0
126.0,128.0,129.0,132.0,129.0,120.0,117.0,146.0
128.0,129.0,132.0,129.0,120.0,117.0,124.0,168.0
132.0,129.0,120.0,117.0,124.0,146.0,168.0,201.0
107.0,108.0,109.0,109.0,109.0,110.0,112.0,114.0
108.0,109.0,109.0,109.0,110.0,112.0,113.0,115.0
109.0,109.0,110.0,112.0,113.0,114.0,115.0,110.0
110.0,112.0,113.0,114.0,115.0,115.0,110.0,101.0
112.0,113.0,114.0,115.0,115.0,110.0,104.0,97.0
113.0,114.0,115.0,115.0,110.0,104.0,101.0,94.0
114.0,115.0,115.0,110.0,104.0,101.0,97.0,90.0
115.0,110.0,104.0,101.0,97.0,94.0,90.0,87.0
101.0,97.0,94.0,90.0,89.0,87.0,85.0,78.0
97.0,94.0,90.0,89.0,87.0,85.0,82.0,75.0
89.0,87.0,85.0,82.0,78.0,75.0,72.0,70.0
87.0,85.0,82.0,78.0,75.0,72.0,71.0,71.0
85.0,82.0,78.0,75.0,72.0,71.0,70.0,71.0
82.0,78.0,75.0,72.0,71.0,70.0,71.0,72.0
72.0,71.0,70.0,71.0,71.0,72.0,71.0,70.0
71.0,70.0,71.0,71.0,72.0,71.0,71.0,70.0
71.0,71.0,72.0,71.0,71.0,70.0,70.0,80.0
71.0,72.0,71.0,71.0,70.0,70.0,73.0,87.0
72.0,71.0,71.0,70.0,70.0,73.0,80.0,86.0
71.0,71.0,70.0,70.0,73.0,80.0,87.0,85.0
70.0,70.0,73.0,80.0,87.0,86.0,85.0,104.0
73.0,80.0,87.0,86.0,85.0,87.0,104.0,130.0
80.0,87.0,86.0,85.0,87.0,104.0,117.0,146.0
193.0,194.0,193.0,196.0,199.0,200.0,204.0,207.0
194.0,193.0,196.0,199.0,200.0,204.0,205.0,208.0
199.0,200.0,204.0,205.0,207.0,208.0,208.0,207.0
204.0,205.0,207.0,208.0,208.0,208.0,207.0,204.0
205.0,207.0,208.0,208.0,208.0,207.0,206.0,203.0
208.0,208.0,208.0,207.0,206.0,204.0,203.0,205.0
208.0,208.0,207.0,206.0,204.0,203.0,205.0,204.0
208.0,207.0,206.0,204.0,203.0,205.0,205.0,207.0
206.0,204.0,203.0,205.0,205.0,204.0,207.0,209.0
203.9,203.2,205.0,204.9,204.3,207.1818181818182,209.0,205.0
205.0,204.9,204.3,207.1818181818182,209.0,208.63636363636363,205.0,193.0
209.0,208.63636363636363,205.0,198.45454545454547,193.0,189.4,183.4,172.0
208.63636363636363,205.0,198.45454545454547,193.0,189.4,183.4,177.45454545454547,165.0
198.45454545454547,193.0,189.4,183.4,177.45454545454547,172.0,165.0,156.0
193.0,189.4,183.4,177.45454545454547,172.0,165.0,159.63636363636363,150.0
189.4,183.4,177.45454545454547,172.0,165.0,159.63636363636363,156.0,147.0
183.4,177.45454545454547,172.0,165.0,159.63636363636363,156.0,150.0,145.0
177.45454545454547,172.0,165.0,159.63636363636363,156.0,150.0,147.0,142.0
172.0,165.0,159.63636363636363,156.0,150.0,147.0,145.0,138.0
114.0,116.0,115.0,114.0,119.0,125.0,128.0,133.0
116.0,115.0,114.0,119.0,125.0,128.0,131.0,134.0
114.0,119.0,125.0,128.0,131.0,133.0,134.0,125.0
119.0,125.0,128.0,131.0,133.0,134.0,128.0,126.0
125.0,128.0,131.0,133.0,134.0,128.0,125.0,122.0
131.2,133.1,133.4,127.7,125.1,125.6,122.0,122.0
133.0,134.0,128.0,125.0,126.0,122.0,122.0,121.0
127.7,125.1,125.6,122.0,122.0,122.0,120.9090909090909,120.0
122.0,120.9090909090909,120.0,120.0,119.0,118.0,118.0,118.0
120.9090909090909,120.0,120.0,119.0,118.0,118.0,118.0,118.0
120.0,120.0,119.0,118.0,118.0,118.0,118.0,119.0
120.0,119.0,118.0,118.0,118.0,118.0,118.0,119.0
119.0,118.0,118.0,118.0,118.0,118.0,119.0,119.0
118.0,118.0,118.0,118.0,118.0,119.0,119.0,118.0
118.0,118.0,118.0,118.0,119.0,119.0,119.0,118.0
118.0,118.0,119.0,119.0,119.0,118.0,118.0,119.0
118.0,119.0,119.0,119.0,118.0,118.0,118.0,117.0
119.0,118.0,118.0,118.0,119.0,117.0,119.0,125.0
118.0,118.0,118.0,119.0,117.0,119.0,122.0,129.0
118.0,118.0,119.0,117.0,119.0,122.0,125.0,133.0
117.0,119.0,122.0,125.0,129.0,133.0,136.0,143.0
119.0,122.0,125.0,129.0,133.0,136.0,143.0,143.0
122.0,125.0,129.0,133.0,136.0,143.0,143.0,154.0
110.0,107.0,96.0,86.0,82.0,82.0,83.0,85.0
107.0,96.0,86.0,82.0,82.0,83.0,84.0,82.0
79.0,84.0,88.0,89.0,88.0,91.0,96.0,108.0
84.0,88.0,89.0,88.0,91.0,96.0,103.0,107.0
88.0,89.0,88.0,91.0,96.0,103.0,108.0,105.0
89.0,88.0,91.0,96.0,103.0,108.0,107.0,108.0
91.0,96.0,103.0,108.0,107.0,105.0,108.0,109.0
108.0,107.0,105.0,108.0,109.0,109.0,110.0,113.0
107.0,105.0,108.0,109.0,109.0,110.0,111.0,114.0
105.0,108.0,109.0,109.0,110.0,111.0,113.0,115.0
108.0,109.0,109.0,110.0,111.0,113.0,114.0,113.0
109.0,109.0,110.0,111.0,113.0,114.0,115.0,109.0
111.0,113.0,114.0,115.0,113.0,109.0,111.0,111.0
113.0,114.0,115.0,113.0,109.0,111.0,112.0,111.0
115.0,113.0,109.0,111.0,112.0,111.0,111.0,119.0
113.0,109.0,111.0,112.0,111.0,111.0,116.0,119.0
109.0,111.0,112.0,111.0,111.0,116.0,119.0,112.0
111.0,112.0,111.0,111.0,116.0,119.0,119.0,106.0
111.0,111.5,116.3,119.0,118.3,111.4,105.5,105.0
111.0,116.0,119.0,119.0,112.0,106.0,101.0,106.0
76.0,79.2,81.7,89.5,104.36363636363636,118.0,134.3,155.0
104.36363636363636,118.0,134.3,146.8181818181818,155.0,161.27272727272728,164.0,166.0
118.0,134.3,146.8181818181818,155.0,161.27272727272728,164.0,165.0,166.0
134.3,146.8181818181818,155.0,161.27272727272728,164.0,165.0,166.0,164.0
146.8181818181818,155.0,161.27272727272728,164.0,165.0,166.0,166.0,161.0
155.0,161.27272727272728,164.0,165.0,166.0,166.0,164.0,160.0
161.27272727272728,164.0,165.0,166.0,166.0,164.0,161.0,157.0
164.0,165.0,166.0,166.0,164.0,161.0,160.0,158.0
165.0,166.0,166.0,164.0,161.0,160.0,157.0,159.0
166.0,166.0,164.0,161.0,160.0,157.0,158.0,157.0
166.0,164.0,161.0,160.0,157.0,158.0,159.0,157.0
161.0,160.0,157.0,158.0,159.0,157.0,157.0,155.0
160.0,157.0,158.0,159.0,157.0,157.0,156.0,155.0
157.0,158.0,159.0,157.0,157.0,156.0,155.0,154.0
158.0,159.0,157.0,157.0,156.0,155.0,155.0,152.0
159.0,157.0,157.0,156.0,155.0,155.0,154.0,147.0
157.0,157.0,156.0,155.0,155.0,154.0,152.0,143.0
157.0,156.0,155.0,155.0,154.0,152.0,147.0,141.0
155.0,154.0,152.0,147.0,143.0,141.0,138.0,137.0
154.0,152.0,147.0,143.0,141.0,138.0,138.0,133.0
152.0,147.0,143.0,141.0,138.0,138.0,137.0,131.0
147.0,143.0,141.0,138.0,138.0,137.0,133.0,130.0
143.0,141.0,138.0,138.0,137.0,133.0,131.0,128.0
141.0,138.0,138.0,137.0,133.0,131.0,130.0,126.0
138.0,138.0,137.0,133.0,131.0,130.0,128.0,123.0
138.0,137.0,133.0,131.0,130.0,128.0,126.0,120.0
131.0,130.0,128.0,126.0,123.0,120.0,118.0,118.0
118.0,118.0,120.0,121.0,123.0,124.0,127.0,125.0
118.0,120.0,121.0,123.0,124.0,127.0,128.0,126.0
121.0,123.0,124.0,127.0,128.0,125.0,126.0,130.0
123.0,124.0,127.0,128.0,125.0,126.0,128.0,130.0
124.0,127.0,128.0,125.0,126.0,128.0,130.0,130.0
127.0,128.0,125.0,126.0,128.0,130.0,130.0,125.0
125.0,126.0,128.0,130.0,130.0,130.0,125.0,119.0
126.0,128.0,130.0,130.0,130.0,125.0,123.0,119.0
128.0,130.0,130.0,130.0,125.0,123.0,119.0,119.0
130.0,130.0,130.0,125.0,123.0,119.0,119.0,116.0
130.0,125.0,123.0,119.0,119.0,119.0,116.0,113.0
125.0,123.0,119.0,119.0,119.0,116.0,114.0,110.0
123.0,119.0,119.0,119.0,116.0,114.0,113.0,111.0
119.0,119.0,119.0,116.0,114.0,113.0,110.0,107.0
119.0,119.0,116.0,114.0,113.0,110.0,111.0,101.0
119.0,116.0,114.0,113.0,110.0,111.0,107.0,98.0
116.0,114.0,113.0,110.0,111.0,107.0,101.0,95.0
114.0,113.0,110.0,111.0,107.0,101.0,98.0,93.0
113.0,110.0,111.0,107.0,101.0,98.0,95.0,92.0
110.0,111.0,107.0,101.0,98.0,95.0,93.0,90.0
111.0,107.0,101.0,98.0,95.0,93.0,92.0,89.0
107.0,101.0,98.0,95.0,93.0,92.0,90.0,89.0
101.0,98.0,95.0,93.0,92.0,90.0,89.0,89.0
98.0,95.0,93.0,92.0,90.0,89.0,89.0,89.0
95.0,93.0,92.0,90.0,89.0,89.0,89.0,90.0
93.0,92.0,90.0,89.0,89.0,89.0,89.0,95.0
92.0,90.0,89.0,89.0,89.0,89.0,90.0,98.0
89.0,89.0,89.0,89.0,90.0,95.0,98.0,111.0
89.0,89.0,89.0,90.0,95.0,98.0,99.0,130.0
89.0,89.0,90.0,95.0,98.0,99.0,111.0,143.0
90.0,95.0,98.0,99.0,111.0,130.0,143.0,176.0
99.0,103.0,106.0,109.0,112.0,113.0,114.0,111.0
106.0,109.0,112.0,113.0,114.0,114.0,111.0,111.0
109.0,112.0,113.0,114.0,114.0,111.0,111.0,111.0
112.0,113.0,114.0,114.0,111.0,111.0,111.0,114.0
114.0,114.0,111.0,111.0,111.0,111.0,114.0,117.0
114.0,111.0,111.0,111.0,111.0,114.0,116.0,118.0
111.0,111.0,114.0,116.0,117.0,118.0,118.0,116.0
114.0,116.0,117.0,118.0,118.0,118.0,116.0,108.0
117.0,118.0,118.0,118.0,116.0,112.0,108.0,103.0
118.0,118.0,118.0,116.0,112.0,108.0,105.0,99.0
118.0,117.8,115.6,111.6,107.7,104.8,102.6,95.0
118.0,116.0,112.0,108.0,105.0,103.0,99.0,92.0
115.6,111.6,107.7,104.8,102.6,98.63636363636364,95.0,90.0
90.0,84.5,79.5,74.7,71.9,71.0,71.18181818181819,74.0
71.9,71.0,71.18181818181819,73.0,74.0,77.0909090909091,78.0,83.0
71.0,71.18181818181819,73.0,74.0,77.0909090909091,78.0,81.0,99.0
71.18181818181819,73.0,74.0,77.0909090909091,78.0,81.0,83.0,107.0
73.0,74.0,77.0909090909091,78.0,81.0,83.0,99.0,112.0
74.0,77.0909090909091,78.0,81.0,83.0,99.0,107.0,134.0
77.0909090909091,78.0,81.0,83.0,99.0,107.0,112.0,145.0
102.0,102.0,103.0,103.0,99.0,96.0,91.0,84.0
103.0,103.0,99.0,96.0,91.0,88.0,84.0,72.0
103.0,99.0,96.0,91.0,88.0,84.0,77.0,66.0
96.0,91.0,88.0,84.0,77.0,72.0,66.0,63.0
91.0,88.0,84.0,77.0,72.0,66.0,65.0,61.0
84.0,77.0,72.0,66.0,65.0,63.0,61.0,74.0
77.0,72.0,66.0,65.0,63.0,61.0,63.0,73.0
72.0,66.0,65.0,63.0,61.0,63.0,74.0,65.0
116.0,117.0,120.0,127.0,131.0,135.0,140.0,151.0
120.0,127.0,131.0,135.0,140.0,146.0,151.0,162.0
127.0,131.0,135.0,140.0,146.0,151.0,157.0,167.0
135.5,140.6,146.5,151.6,157.5,162.5,167.27272727272728,172.0
162.5,167.27272727272728,170.0,172.0,173.0909090909091,174.0,173.0,169.0
167.27272727272728,170.0,172.0,173.0909090909091,174.0,173.0,170.8181818181818,166.0
172.0,173.0909090909091,174.0,173.0,170.8181818181818,169.0,166.0,158.0
173.0909090909091,174.0,173.0,170.8181818181818,169.0,166.0,162.0,155.0
174.0,173.0,170.8181818181818,169.0,166.0,162.0,158.0,152.0
170.8181818181818,169.0,166.0,162.0,158.0,155.0,152.0,144.0
169.0,166.0,162.0,158.0,155.0,152.0,148.0,139.0
176.5,181.0909090909091,182.0,177.8,175.4,169.63636363636363,166.0,149.0
177.8,175.4,169.63636363636363,166.0,157.0,149.0,148.0,153.0
175.4,169.63636363636363,166.0,157.0,149.0,148.0,149.0,155.0
169.63636363636363,166.0,157.0,149.0,148.0,149.0,153.0,156.0
166.0,157.0,149.0,148.0,149.0,153.0,155.0,157.0
157.0,149.0,148.0,149.0,153.0,155.0,156.0,155.0
149.0,148.0,149.0,153.0,155.0,156.0,157.0,154.0
149.0,153.0,155.0,156.0,157.0,155.0,154.0,149.0
153.0,155.0,156.0,157.0,155.0,154.0,153.0,146.0
155.0,156.0,157.0,155.0,154.0,153.0,149.0,140.0
156.0,157.0,155.0,154.0,153.0,149.0,146.0,139.0
149.0,146.0,140.0,139.0,140.0,141.0,142.0,141.0
146.0,140.0,139.0,140.0,141.0,142.0,141.0,141.0
140.0,139.0,140.0,141.0,142.0,141.0,141.0,141.0
141.0,142.0,141.0,141.0,141.0,141.0,141.0,156.0
142.0,141.0,141.0,141.0,141.0,141.0,152.0,150.0
141.0,141.0,141.0,141.0,141.0,152.0,156.0,148.0
141.0,141.0,141.0,141.0,152.0,156.0,150.0,146.0
141.0,141.0,141.0,152.0,156.0,150.0,148.0,156.0
141.0,141.0,152.0,156.0,150.0,148.0,146.0,161.0
141.0,152.0,156.0,150.0,148.0,146.0,156.0,139.0
156.0,150.0,148.0,146.0,156.0,161.0,139.0,135.0
150.0,148.0,146.0,156.0,161.0,139.0,135.0,128.0
148.0,146.0,156.0,161.0,139.0,135.0,135.0,126.0
146.0,156.0,161.0,139.0,135.0,135.0,128.0,124.0
156.0,161.0,139.0,135.0,135.0,128.0,126.0,123.0
162.0,162.0,172.0,179.0,185.0,189.0,190.0,189.0
179.0,185.0,189.0,190.0,193.0,189.0,185.0,180.0
189.0,190.0,193.0,189.0,185.0,182.0,180.0,179.0
190.0,193.0,189.0,185.0,182.0,180.0,180.0,179.0
193.0,189.0,185.0,182.0,180.0,180.0,179.0,177.0
189.0,185.0,182.0,180.0,180.0,179.0,179.0,174.0
182.0,180.0,180.0,179.0,179.0,177.0,174.0,163.0
180.0,180.0,179.0,179.0,177.0,174.0,171.0,159.0
180.0,179.0,179.0,177.0,174.0,171.0,163.0,156.0
179.0,179.0,177.0,174.0,171.0,163.0,159.0,152.0
177.0,174.0,171.0,163.0,159.0,156.0,152.0,148.0
174.0,171.0,163.0,159.0,156.0,152.0,151.0,145.0
171.0,163.0,159.0,156.0,152.0,151.0,148.0,144.0
163.0,159.0,156.0,152.0,151.0,148.0,145.0,142.0
152.0,151.0,148.0,145.0,144.0,142.0,142.0,139.0
151.0,148.0,145.0,144.0,142.0,142.0,140.0,138.0
148.0,145.0,144.0,142.0,142.0,140.0,139.0,136.0
145.0,144.0,142.0,142.0,140.0,139.0,138.0,134.0
144.0,142.0,142.0,140.0,139.0,138.0,136.0,131.0
142.0,140.0,139.0,138.0,136.0,134.0,131.0,129.0
140.0,139.0,138.0,136.0,134.0,131.0,130.0,128.0
139.0,138.0,136.0,134.0,131.0,130.0,129.0,129.0
138.0,136.0,134.0,131.0,130.0,129.0,128.0,131.0
136.0,134.0,131.0,130.0,129.0,128.0,129.0,142.0
134.0,131.0,130.0,129.0,128.0,129.0,131.0,149.0
131.0,130.0,129.0,128.0,129.0,131.0,142.0,154.0
130.0,129.0,128.0,129.0,131.0,142.0,149.0,142.0
129.0,128.0,129.0,131.0,142.0,149.0,154.0,138.0
131.0,137.0,144.0,152.0,157.0,160.0,161.0,165.0
137.0,144.0,152.0,157.0,160.0,161.0,163.0,167.0
144.0,152.0,157.0,160.0,161.0,163.0,165.0,168.0
157.0,160.0,161.0,163.0,165.0,167.0,168.0,165.0
160.0,161.0,163.0,165.0,167.0,168.0,167.0,163.0
161.0,163.0,165.0,167.0,168.0,167.0,165.0,163.0
163.0,165.0,167.0,168.0,167.0,165.0,163.0,162.0
165.2,167.1,167.9,166.8,164.8,163.0,162.9,163.0
167.1,167.9,166.8,164.8,163.0,162.9,162.0909090909091,160.0
167.9,166.8,164.8,163.0,162.9,162.0909090909091,163.0,159.0
163.0,162.9,162.0909090909091,163.0,160.0,159.0,157.9090909090909,157.0
163.0,160.0,159.0,157.9090909090909,157.0,157.0,155.9090909090909,155.0
159.0,157.9090909090909,157.0,157.0,155.9090909090909,155.0,155.0,153.0
157.9090909090909,157.0,157.0,155.9090909090909,155.0,155.0,155.0,151.0
157.0,157.0,155.9090909090909,155.0,155.0,155.0,153.0,148.0
155.9090909090909,155.0,155.0,155.0,153.0,151.0,148.0,142.0
155.0,155.0,155.0,153.0,151.0,148.0,145.0,141.0
155.0,155.0,153.0,151.0,148.0,145.0,142.0,139.0
155.0,153.0,151.0,148.0,145.0,142.0,141.0,147.0
151.0,148.0,145.0,142.0,141.0,139.0,147.0,166.0
148.0,145.0,142.0,141.0,139.0,147.0,160.0,177.0
145.0,142.0,141.0,139.0,147.0,160.0,166.0,180.0
141.0,139.0,147.0,160.0,166.0,177.0,180.0,124.0
139.0,147.0,160.0,166.0,177.0,180.0,156.0,113.0
160.0,166.0,177.0,180.0,156.0,124.0,113.0,113.0
122.0,124.0,130.0,135.0,139.0,145.0,148.0,156.0
130.0,135.0,139.0,145.0,148.0,150.0,156.0,164.0
135.0,139.0,145.0,148.0,150.0,156.0,160.0,166.0
139.0,145.0,148.0,150.0,156.0,160.0,164.0,165.0
145.0,148.0,150.0,156.0,160.0,164.0,166.0,172.0
150.0,156.0,160.0,164.0,166.0,165.0,172.0,179.0
156.0,160.0,164.0,166.0,165.0,172.0,177.0,184.0
160.0,164.0,166.0,165.0,172.0,177.0,179.0,189.0
166.0,165.0,172.0,177.0,179.0,184.0,189.0,184.0
165.0,172.0,177.0,179.0,184.0,189.0,190.0,182.0
172.0,177.0,179.0,184.0,189.0,190.0,184.0,181.0
179.0,184.0,189.0,190.0,184.0,182.0,181.0,177.0
189.0,190.0,184.0,182.0,181.0,183.0,177.0,165.0
190.0,184.0,182.0,181.0,183.0,177.0,174.0,163.0
184.0,182.0,181.0,183.0,177.0,174.0,165.0,157.0
182.0,181.0,183.0,177.0,174.0,165.0,163.0,155.0
183.0,177.0,174.0,165.0,163.0,157.0,155.0,149.0
177.0,174.0,165.0,163.0,157.0,155.0,153.0,145.0
165.0,163.0,157.0,155.0,153.0,149.0,145.0,136.0
163.0,157.0,155.0,153.0,149.0,145.0,143.0,130.0
157.0,155.0,153.0,149.0,145.0,143.0,136.0,126.0
153.0,149.0,145.0,143.0,136.0,130.0,126.0,118.0
145.0,143.0,136.0,130.0,126.0,121.0,118.0,115.0
143.0,136.0,130.0,126.0,121.0,118.0,116.0,112.0
136.0,130.0,126.0,121.0,118.0,116.0,115.0,108.0
130.0,126.0,121.0,118.0,116.0,115.0,112.0,105.0
126.0,121.0,118.0,116.0,115.0,112.0,108.0,103.0
75.0,87.0,88.0,90.0,91.0,95.0,97.0,97.0
87.0,88.0,90.0,91.0,95.0,97.0,97.0,97.0
88.0,90.0,91.0,95.0,97.0,97.0,97.0,95.0
90.0,91.0,95.0,97.0,97.0,97.0,97.0,94.0
91.0,95.0,97.0,97.0,97.0,97.0,95.0,91.0
95.0,97.0,97.0,97.0,97.0,95.0,94.0,88.0
97.0,97.0,97.0,95.0,94.0,91.0,88.0,84.0
97.0,97.0,95.0,94.0,91.0,88.0,85.0,83.0
97.0,95.0,94.0,91.0,88.0,85.0,84.0,82.0
95.0,94.0,91.0,88.0,85.0,84.0,83.0,77.0
94.0,91.0,88.0,85.0,84.0,83.0,82.0,75.0
91.0,88.0,85.0,84.0,83.0,82.0,77.0,74.0
88.0,85.0,84.0,83.0,82.0,77.0,75.0,73.0
85.0,84.0,83.0,82.0,77.0,75.0,74.0,73.0
84.0,83.0,82.0,77.0,75.0,74.0,73.0,72.0
82.0,77.0,75.0,74.0,73.0,73.0,72.0,67.0
75.0,74.0,73.0,73.0,72.0,67.0,67.0,64.0
73.0,73.0,72.0,67.0,67.0,66.0,64.0,65.0
73.0,72.0,67.0,67.0,66.0,64.0,64.0,69.0
72.0,67.0,67.0,66.0,64.0,64.0,65.0,74.0
67.0,67.0,66.0,64.0,64.0,65.0,69.0,75.0
67.0,66.0,64.0,64.0,65.0,69.0,74.0,76.0
66.0,64.0,64.0,65.0,69.0,74.0,75.0,76.0
64.0,64.0,65.0,69.0,74.0,75.0,76.0,75.0
64.0,65.0,69.0,74.0,75.0,76.0,76.0,75.0
69.0,74.0,75.0,76.0,76.0,75.0,75.0,78.0
74.0,75.0,76.0,76.0,75.0,75.0,79.0,72.0
75.0,76.0,76.0,75.0,75.0,79.0,78.0,71.0
76.0,75.9,75.0,75.4,78.9,77.4,71.9,72.0
75.0,75.4,78.9,77.4,71.9,71.0909090909091,72.0,72.0
101.0,104.0,107.0,111.0,116.0,117.0,117.0,123.0
111.0,116.0,117.0,117.0,119.0,123.0,126.0,138.0
116.0,117.0,117.0,119.0,123.0,126.0,130.0,141.0
117.0,117.0,119.0,123.0,126.0,130.0,138.0,153.0
117.0,119.0,123.0,126.0,130.0,138.0,141.0,156.0
119.0,123.0,126.0,130.0,138.0,141.0,153.0,161.0
123.0,126.0,130.0,138.0,141.0,153.0,156.0,164.0
138.0,141.0,153.0,156.0,161.0,164.0,165.0,167.0
141.0,153.0,156.0,161.0,164.0,165.0,168.0,163.0
153.0,156.0,161.0,164.0,165.0,168.0,167.0,157.0
156.0,161.0,164.0,165.0,168.0,167.0,163.0,154.0
161.0,164.0,165.0,168.0,167.0,163.0,157.0,152.0
164.0,165.0,168.0,167.0,163.0,157.0,154.0,148.0
165.0,168.0,167.0,163.0,157.0,154.0,152.0,145.0
168.0,167.0,163.0,157.0,154.0,152.0,148.0,149.0
157.0,154.0,152.0,148.0,145.0,149.0,134.0,129.0
154.0,152.0,148.0,145.0,149.0,134.0,131.0,128.0
148.0,145.0,149.0,134.0,131.0,129.0,128.0,120.0
149.0,134.0,131.0,129.0,128.0,129.0,120.0,110.0
134.0,131.0,129.0,128.0,129.0,120.0,113.0,110.0
131.0,129.0,128.0,129.0,120.0,113.0,110.0,113.0
128.0,129.0,120.0,113.0,110.0,110.0,113.0,103.0
129.0,120.0,113.0,110.0,110.0,113.0,105.0,102.0
120.0,113.0,110.0,110.0,113.0,105.0,103.0,86.0
113.0,110.0,110.0,113.0,105.0,103.0,102.0,82.0
110.0,110.0,113.0,105.0,103.0,102.0,86.0,73.0
124.0,121.0,119.0,119.0,120.0,116.0,114.0,120.0
119.0,119.0,120.0,116.0,114.0,116.0,120.0,120.0
119.0,120.0,116.0,114.0,116.0,120.0,121.0,118.0
120.0,116.0,114.0,116.0,120.0,121.0,120.0,116.0
116.0,114.0,116.0,120.0,121.0,120.0,118.0,111.0
114.0,116.0,120.0,121.0,120.0,118.0,116.0,104.0
120.0,121.0,120.0,118.0,116.0,111.0,104.0,91.0
121.0,120.0,118.0,116.0,111.0,104.0,98.0,84.0
118.0,116.0,111.0,104.0,98.0,91.0,84.0,79.0
116.0,111.0,104.0,98.0,91.0,84.0,78.0,74.0
111.0,104.0,98.0,91.0,84.0,78.0,79.0,69.0
98.0,91.0,84.0,78.0,79.0,74.0,69.0,63.0
91.0,84.0,78.0,79.0,74.0,69.0,66.0,63.0
84.0,78.0,79.0,74.0,69.0,66.0,63.0,60.0
73.5,68.7,65.7,63.0,62.7,60.0,60.27272727272727,73.0
63.0,62.7,60.0,60.27272727272727,63.0,73.0,82.0,73.0
60.0,60.27272727272727,63.0,73.0,82.0,82.0,73.0,69.0
60.27272727272727,63.0,73.0,82.0,82.0,73.0,69.9090909090909,66.0
73.0,82.0,82.0,73.0,69.9090909090909,69.0,66.0,72.0
82.0,82.0,73.0,69.9090909090909,69.0,66.0,67.45454545454545,79.0
82.0,73.0,69.9090909090909,69.0,66.0,67.45454545454545,72.0,79.0
73.0,69.9090909090909,69.0,66.0,67.45454545454545,72.0,79.0,80.0
69.9090909090909,69.0,66.0,67.45454545454545,72.0,79.0,79.0,82.0
69.0,66.0,67.45454545454545,72.0,79.0,79.0,80.0,92.0
66.0,67.45454545454545,72.0,79.0,79.0,80.0,82.0,111.0
167.0,164.0,161.0,162.0,160.0,160.0,154.0,150.0
164.0,161.0,162.0,160.0,160.0,154.0,150.0,150.0
161.0,162.0,160.0,160.0,154.0,150.0,150.0,149.0
162.0,160.0,160.0,154.0,150.0,150.0,150.0,147.0
160.0,160.0,154.0,150.0,150.0,150.0,149.0,145.0
160.0,154.0,150.0,150.0,150.0,149.0,147.0,145.0
154.0,150.0,150.0,150.0,149.0,147.0,145.0,142.0
150.0,150.0,150.0,149.0,147.0,145.0,145.0,138.0
149.0,147.0,145.0,145.0,142.0,138.0,136.0,129.0
147.0,145.0,145.0,142.0,138.0,136.0,133.0,125.0
145.0,145.0,142.0,138.0,136.0,133.0,129.0,122.0
142.0,138.0,136.0,133.0,129.0,125.0,122.0,114.0
138.0,136.0,133.0,129.0,125.0,122.0,117.0,112.0
133.0,129.0,125.0,122.0,117.0,114.0,112.0,106.0
129.0,125.0,122.0,117.0,114.0,112.0,109.0,104.0
125.0,122.0,117.0,114.0,112.0,109.0,106.0,100.0
93.0,82.0,84.0,87.0,92.0,95.0,100.0,103.0
82.0,84.0,87.0,92.0,95.0,100.0,102.0,106.0
84.0,87.0,92.0,95.0,100.0,102.0,103.0,104.0
87.0,92.0,95.0,100.0,102.0,103.0,106.0,108.0
92.0,95.0,100.0,102.0,103.0,106.0,104.0,126.0
140.0,140.0,140.0,145.0,144.0,143.0,146.0,157.0
140.0,145.0,144.0,143.0,146.0,151.0,157.0,159.0
145.0,144.0,143.0,146.0,151.0,157.0,158.0,157.0
143.0,146.0,151.0,157.0,158.0,159.0,157.0,152.0
146.0,151.0,157.0,158.0,159.0,157.0,153.0,150.0
151.0,157.0,158.0,159.0,157.0,153.0,152.0,149.0
157.0,158.0,159.0,157.0,153.0,152.0,150.0,148.0
158.0,159.0,157.0,153.0,152.0,150.0,149.0,143.0
159.0,157.0,153.0,152.0,150.0,149.0,148.0,139.0
157.0,153.0,152.0,150.0,149.0,148.0,143.0,137.0
153.0,152.0,150.0,149.0,148.0,143.0,139.0,134.0
152.0,150.0,149.0,148.0,143.0,139.0,137.0,131.0
150.0,149.0,148.0,143.0,139.0,137.0,134.0,128.0
149.0,148.0,143.0,139.0,137.0,134.0,131.0,126.0
143.0,139.0,137.0,134.0,131.0,128.0,126.0,116.0
137.0,134.0,131.0,128.0,126.0,122.0,116.0,107.0
134.0,131.0,128.0,126.0,122.0,116.0,113.0,104.0
131.0,128.0,126.0,122.0,116.0,113.0,107.0,100.0
128.0,126.0,122.0,116.0,113.0,107.0,104.0,96.0
122.0,116.0,113.0,107.0,104.0,100.0,96.0,92.0
116.0,113.0,107.0,104.0,100.0,96.0,94.0,90.0
104.0,100.0,96.0,94.0,92.0,90.0,90.0,88.0
100.0,96.0,94.0,92.0,90.0,90.0,90.0,84.0
96.0,94.0,92.0,90.0,90.0,90.0,88.0,82.0
90.0,90.0,90.0,88.0,84.0,82.0,81.0,73.0
90.0,90.0,88.0,84.0,82.0,81.0,77.0,71.0
90.0,88.0,84.0,82.0,81.0,77.0,73.0,79.0
124.3,127.5,132.3,135.0909090909091,136.0,140.27272727272728,143.0,150.0
127.5,132.3,135.0909090909091,136.0,140.27272727272728,143.0,147.27272727272728,151.0
136.0,140.27272727272728,143.0,147.27272727272728,150.0,151.0,153.1,152.0
140.27272727272728,143.0,147.27272727272728,150.0,151.0,153.1,153.8181818181818,151.0
147.27272727272728,150.0,151.0,153.1,153.8181818181818,152.0,151.0,144.0
153.1,153.8181818181818,152.0,151.0,147.63636363636363,144.0,139.9090909090909,138.0
153.8181818181818,152.0,151.0,147.63636363636363,144.0,139.9090909090909,139.0,137.0
152.0,151.0,147.63636363636363,144.0,139.9090909090909,139.0,138.0,137.0
147.63636363636363,144.0,139.9090909090909,139.0,138.0,137.0,137.0,134.0
144.0,139.9090909090909,139.0,138.0,137.0,137.0,136.0,132.0
139.0,138.0,137.0,137.0,136.0,134.0,132.0,126.0
138.0,137.0,137.0,136.0,134.0,132.0,129.0,123.0
137.0,137.0,136.0,134.0,132.0,129.0,126.0,120.0
137.0,136.0,134.0,132.0,129.0,126.0,123.0,115.0
136.0,134.0,132.0,129.0,126.0,123.0,120.0,111.0
134.0,132.0,129.0,126.0,123.0,120.0,115.0,107.0
132.0,129.0,126.0,123.0,120.0,115.0,111.0,104.0
126.0,123.0,120.0,115.0,111.0,107.0,104.0,95.0
123.0,120.0,115.0,111.0,107.0,104.0,100.0,94.0
120.0,115.0,111.0,107.0,104.0,100.0,95.0,87.0
111.0,107.0,104.0,100.0,95.0,94.0,87.0,81.0
107.0,104.0,100.0,95.0,94.0,87.0,83.0,80.0
100.0,95.0,94.0,87.0,83.0,81.0,80.0,77.0
95.0,94.0,87.0,83.0,81.0,80.0,79.0,76.0
91.0,93.0,95.0,94.0,92.0,91.0,89.0,86.0
93.0,95.0,94.0,92.0,91.0,89.0,88.0,84.0
94.0,92.0,91.0,89.0,88.0,86.0,84.0,81.0
92.0,91.0,89.0,88.0,86.0,84.0,83.0,79.0
91.0,89.0,88.0,86.0,84.0,83.0,81.0,74.0
89.0,88.0,86.0,84.0,83.0,81.0,79.0,70.0
88.0,86.0,84.0,83.0,81.0,79.0,74.0,67.0
86.0,84.0,83.0,81.0,79.0,74.0,70.0,64.0
84.0,83.0,81.0,79.0,74.0,70.0,67.0,61.0
83.0,81.0,79.0,74.0,70.0,67.0,64.0,59.0
81.0,79.0,74.0,70.0,67.0,64.0,61.0,59.0
79.0,74.0,70.0,67.0,64.0,61.0,59.0,67.0
74.0,70.0,67.0,64.0,61.0,59.0,59.0,67.0
67.0,64.0,61.0,59.0,59.0,67.0,67.0,60.0
64.0,61.0,59.0,59.0,67.0,67.0,65.0,56.0
59.0,59.0,67.0,67.0,65.0,60.0,56.0,50.0
59.0,67.0,67.0,65.0,60.0,56.0,52.0,48.0
67.0,67.0,65.0,60.0,56.0,52.0,50.0,47.0
60.0,56.0,52.0,50.0,48.0,47.0,46.0,45.0
56.0,52.0,50.0,48.0,47.0,46.0,46.0,46.0
52.0,50.0,48.0,47.0,46.0,46.0,45.0,44.0
50.0,48.0,47.0,46.0,46.0,45.0,46.0,44.0
47.0,46.0,46.0,45.0,46.0,44.0,44.0,47.0
46.0,46.0,45.0,46.0,44.0,44.0,45.0,49.0
45.0,46.0,44.0,44.0,45.0,47.0,49.0,55.0
46.0,44.0,44.0,45.0,47.0,49.0,55.0,62.0
44.0,44.0,45.0,47.0,49.0,55.0,55.0,63.0
97.0,100.0,102.0,105.0,108.0,111.0,114.0,113.0
102.0,105.0,108.0,111.0,114.0,114.0,113.0,112.0
105.0,108.0,111.0,114.0,114.0,113.0,113.0,111.0
108.0,111.0,114.0,114.0,113.0,113.0,112.0,110.0
111.0,114.0,114.0,113.0,113.0,112.0,111.0,108.0
114.0,114.0,113.0,113.0,112.0,111.0,110.0,106.0
114.0,113.0,113.0,112.0,111.0,110.0,108.0,104.0
113.0,113.0,112.0,111.0,110.0,108.0,106.0,103.0
113.0,112.0,111.0,110.0,108.0,106.0,104.0,101.0
112.0,111.0,110.0,108.0,106.0,104.0,103.0,101.0
111.0,110.0,108.0,106.0,104.0,103.0,101.0,98.0
110.0,108.0,106.0,104.0,103.0,101.0,101.0,96.0
108.0,106.0,104.0,103.0,101.0,101.0,98.0,95.0
104.0,103.0,101.0,101.0,98.0,96.0,95.0,85.0
103.0,101.0,101.0,98.0,96.0,95.0,92.0,82.0
101.0,101.0,98.0,96.0,95.0,92.0,85.0,79.0
101.0,98.0,96.0,95.0,92.0,85.0,82.0,76.0
95.0,92.0,85.0,82.0,79.0,76.0,74.0,71.0
92.0,85.0,82.0,79.0,76.0,74.0,72.0,69.0
85.0,82.0,79.0,76.0,74.0,72.0,71.0,69.0
82.0,79.0,76.0,74.0,72.0,71.0,69.0,69.0
79.0,76.0,74.0,72.0,71.0,69.0,69.0,69.0
76.0,74.0,72.0,71.0,69.0,69.0,69.0,70.0
74.0,72.0,71.0,69.0,69.0,69.0,69.0,73.0
72.0,71.0,69.0,69.0,69.0,69.0,70.0,76.0
71.0,69.0,69.0,69.0,69.0,70.0,73.0,82.0
69.0,69.0,69.0,69.0,70.0,73.0,76.0,83.0
69.0,69.0,69.0,70.0,73.0,76.0,82.0,84.0
70.0,73.0,76.0,82.0,83.0,84.0,87.0,112.0
102.0,103.0,105.0,109.0,112.0,117.0,123.0,133.0
105.0,109.0,112.0,117.0,123.0,128.0,133.0,142.0
109.0,112.0,117.0,123.0,128.0,133.0,136.0,146.0
123.0,128.0,133.0,136.0,142.0,146.0,150.0,151.0
128.5,133.3,136.6,142.4,146.4,150.0909090909091,151.0,149.0
142.4,146.4,150.0909090909091,151.0,150.8181818181818,149.0,149.0,149.0
150.8181818181818,149.0,149.0,149.0,149.0,146.8,144.8,141.0
149.0,149.0,146.8,144.8,142.8181818181818,141.0,137.0,129.0
149.0,146.8,144.8,142.8181818181818,141.0,137.0,133.0,125.0
144.8,142.8181818181818,141.0,137.0,133.0,129.0,125.0,113.0
142.8181818181818,141.0,137.0,133.0,129.0,125.0,118.0,110.0
141.0,137.0,133.0,129.0,125.0,118.0,113.0,107.0
137.0,133.0,129.0,125.0,118.0,113.0,110.0,105.0
133.0,129.0,125.0,118.0,113.0,110.0,107.0,103.0
125.0,118.0,113.0,110.0,107.0,105.0,103.0,98.0
110.0,107.0,105.0,103.0,99.0,98.0,96.0,88.0
107.0,105.0,103.0,99.0,98.0,96.0,91.0,88.0
105.0,103.0,99.0,98.0,96.0,91.0,88.0,87.0
103.0,99.0,98.0,96.0,91.0,88.0,88.0,87.0
98.0,96.0,91.0,88.0,88.0,87.0,87.0,99.0
109.0,112.0,118.0,119.0,120.0,123.0,127.0,140.0
112.0,118.0,119.0,120.0,123.0,127.0,134.0,144.0
119.0,120.0,123.0,127.0,134.0,140.0,144.0,150.0
120.0,123.0,127.0,134.0,140.0,144.0,147.0,152.0
134.0,140.0,144.0,147.0,150.0,152.0,153.0,152.0
140.0,144.0,147.0,150.0,152.0,153.0,152.0,152.0
144.0,147.0,150.0,152.0,153.0,152.0,152.0,151.0
147.0,150.0,152.0,153.0,152.0,152.0,152.0,150.0
150.0,152.0,153.0,152.0,152.0,152.0,151.0,148.0
152.0,153.0,152.0,152.0,152.0,151.0,150.0,145.0
153.0,152.0,152.0,152.0,151.0,150.0,148.0,143.0
152.0,152.0,152.0,151.0,150.0,148.0,145.0,139.0
152.0,152.0,151.0,150.0,148.0,145.0,143.0,136.0
152.0,151.0,150.0,148.0,145.0,143.0,139.0,134.0
151.0,150.0,148.0,145.0,143.0,139.0,136.0,130.0
150.0,148.0,145.0,143.0,139.0,136.0,134.0,130.0
148.0,145.0,143.0,139.0,136.0,134.0,130.0,128.0
145.0,143.0,139.0,136.0,134.0,130.0,130.0,124.0
143.0,139.0,136.0,134.0,130.0,130.0,128.0,121.0
139.0,136.0,134.0,130.0,130.0,128.0,124.0,117.0
136.0,134.0,130.0,130.0,128.0,124.0,121.0,116.0
134.0,130.0,130.0,128.0,124.0,121.0,117.0,112.0
130.0,130.0,128.0,124.0,121.0,117.0,116.0,111.0
130.0,128.0,124.0,121.0,117.0,116.0,112.0,108.0
128.0,124.0,121.0,117.0,116.0,112.0,111.0,104.0
124.0,121.0,117.0,116.0,112.0,111.0,108.0,102.0
121.0,117.0,116.0,112.0,111.0,108.0,104.0,100.0
117.0,116.0,112.0,111.0,108.0,104.0,102.0,98.0
116.0,112.0,111.0,108.0,104.0,102.0,100.0,96.0
112.0,111.0,108.0,104.0,102.0,100.0,98.0,94.0
111.0,108.0,104.0,102.0,100.0,98.0,96.0,93.0
108.0,104.0,102.0,100.0,98.0,96.0,94.0,100.0
68.0,70.0,74.0,80.0,88.0,96.0,102.0,120.0
70.0,74.0,80.0,88.0,96.0,102.0,111.0,128.0
74.0,80.0,88.0,96.0,102.0,111.0,120.0,133.0
163.0,164.0,161.0,159.0,156.0,154.0,151.0,144.0
164.0,161.0,159.0,156.0,154.0,151.0,147.0,139.0
159.0,156.0,154.0,151.0,147.0,144.0,139.0,126.0
156.0,154.0,151.0,147.0,144.0,139.0,135.0,122.0
154.0,151.0,147.0,144.0,139.0,135.0,126.0,117.0
151.6,147.72727272727272,145.0,143.0,142.0,141.6,137.54545454545453,131.0
147.72727272727272,145.0,143.0,142.0,141.6,137.54545454545453,133.0,128.0
143.0,142.0,141.6,137.54545454545453,133.0,131.0,128.0,120.0
133.0,131.0,128.0,121.81818181818181,120.0,115.54545454545455,111.0,112.0
120.0,115.54545454545455,111.0,111.0,112.0,112.0,111.0,108.0
115.54545454545455,111.0,111.0,112.0,112.0,111.0,109.0,105.0
111.0,112.0,112.0,111.0,109.0,108.0,105.0,100.0
112.0,112.0,111.0,109.0,108.0,105.0,103.0,96.0
112.0,111.0,109.0,108.0,105.0,103.0,100.0,95.0
109.0,108.0,105.0,103.0,100.0,96.0,95.0,88.0
108.0,105.0,103.0,100.0,96.0,95.0,94.0,84.0
105.0,103.0,100.0,96.0,95.0,94.0,88.0,83.0
96.0,95.0,94.0,88.0,84.0,83.0,82.0,80.0
95.0,94.0,88.0,84.0,83.0,82.0,81.0,80.0
94.0,88.0,84.0,83.0,82.0,81.0,80.0,81.0
88.0,84.0,83.0,82.0,81.0,80.0,80.0,79.0
84.0,83.0,82.0,81.0,80.0,80.0,81.0,77.0
83.0,82.0,81.0,80.0,80.0,81.0,79.0,74.0
82.0,81.0,80.0,80.0,81.0,79.0,77.0,73.0
81.0,80.0,80.0,81.0,79.0,77.0,74.0,70.0
80.0,80.0,81.0,79.0,77.0,74.0,73.0,66.0
80.0,81.0,79.0,77.0,74.0,73.0,70.0,65.0
81.0,79.0,77.0,74.0,73.0,70.0,66.0,63.0
79.0,77.0,74.0,73.0,70.0,66.0,65.0,60.0
77.0,74.0,73.0,70.0,66.0,65.0,63.0,61.0
111.0,115.0,118.0,121.0,124.0,129.0,135.0,141.0
115.0,118.0,121.0,124.0,129.0,135.0,139.0,142.0
118.0,121.0,124.0,129.0,135.0,139.0,141.0,142.0
124.0,129.0,135.0,139.0,141.0,142.0,142.0,137.0
129.0,135.0,139.0,141.0,142.0,142.0,138.0,136.0
