200.0,208.0,216.0,216.0,227.0,230.0,235.0,233.0
208.0,216.0,216.0,227.0,230.0,235.0,237.0,232.0
216.0,216.0,227.0,230.0,235.0,237.0,233.0,234.0
216.0,227.0,230.0,235.0,237.0,233.0,232.0,231.0
227.0,230.0,235.0,237.0,233.0,232.0,234.0,231.0
235.0,237.0,233.0,232.0,234.0,231.0,231.0,221.0
237.0,233.0,232.0,234.0,231.0,231.0,221.0,222.0
234.0,231.0,231.0,221.0,221.0,222.0,221.0,218.0
231.0,231.0,221.0,221.0,222.0,221.0,219.0,213.0
231.0,221.0,221.0,222.0,221.0,219.0,218.0,207.0
221.0,221.0,222.0,221.0,219.0,218.0,213.0,201.0
221.0,222.0,221.0,219.0,218.0,213.0,207.0,197.0
222.0,221.0,219.0,218.0,213.0,207.0,201.0,181.0
218.0,213.0,207.0,201.0,197.0,181.0,166.0,155.0
213.0,207.0,201.0,197.0,181.0,166.0,160.0,148.0
207.0,201.0,197.0,181.0,166.0,160.0,155.0,141.0
197.0,181.0,166.0,160.0,155.0,148.0,141.0,127.0
181.0,166.0,160.0,155.0,148.0,141.0,136.0,122.0
160.0,155.0,148.0,141.0,136.0,127.0,122.0,113.0
148.0,141.0,136.0,127.0,122.0,119.0,113.0,108.0
141.0,136.0,127.0,122.0,119.0,113.0,112.0,108.0
136.0,127.0,122.0,119.0,113.0,112.0,108.0,108.0
127.0,122.0,119.0,113.0,112.0,108.0,108.0,97.0
119.0,113.0,112.0,108.0,108.0,108.0,97.0,92.0
113.0,112.0,108.0,108.0,108.0,97.0,92.0,91.0
112.0,108.0,108.0,108.0,97.0,92.0,92.0,91.0
258.0,261.0,261.0,257.0,250.0,246.0,245.0,243.0
261.0,261.0,257.0,250.0,246.0,245.0,243.0,243.0
261.0,257.0,250.0,246.0,245.0,243.0,243.0,243.0
257.0,250.0,246.0,245.0,243.0,243.0,243.0,245.0
250.0,246.0,245.0,243.0,243.0,243.0,243.0,247.0
246.0,245.0,243.0,243.0,243.0,243.0,245.0,252.0
245.0,243.0,243.0,243.0,243.0,245.0,247.0,246.0
243.0,243.0,243.0,245.0,247.0,252.0,246.0,227.0
243.0,245.0,247.0,252.0,246.0,235.0,227.0,213.0
245.0,247.0,252.0,246.0,235.0,227.0,220.0,204.0
247.0,252.0,246.0,235.0,227.0,220.0,213.0,200.0
252.0,246.0,235.0,227.0,220.0,213.0,204.0,196.0
227.0,220.0,213.0,204.0,200.0,196.0,194.0,191.0
220.0,213.0,204.0,200.0,196.0,194.0,193.0,190.0
204.0,200.0,196.0,194.0,193.0,191.0,190.0,188.0
200.0,196.0,194.0,193.0,191.0,190.0,192.0,186.0
194.0,193.0,191.0,190.0,192.0,188.0,186.0,181.0
193.0,191.0,190.0,192.0,188.0,186.0,185.0,181.0
190.0,192.0,188.0,186.0,185.0,181.0,181.0,164.0
192.0,188.0,186.0,185.0,181.0,181.0,169.0,164.0
188.0,186.0,185.0,181.0,181.0,169.0,164.0,164.0
186.0,185.0,181.0,181.0,169.0,164.0,164.0,165.0
185.0,181.0,181.0,169.0,164.0,164.0,164.0,164.0
181.0,181.0,169.0,164.0,164.0,164.0,165.0,164.0
169.0,164.0,164.0,164.0,165.0,164.0,164.0,167.0
164.0,165.0,164.0,164.0,165.0,167.0,169.0,177.0
145.4,146.9,144.3,142.2,142.0,143.0,140.0,141.0
144.3,142.2,142.0,143.0,140.0,140.0,141.0,141.0
142.0,143.0,140.0,140.0,141.0,141.0,141.0,141.0
143.0,140.0,140.0,141.0,141.0,141.0,141.0,140.0
140.0,140.0,141.0,141.0,141.0,141.0,141.0,138.0
141.0,141.0,140.0,138.0,137.0,137.0,135.0,134.0
140.0,138.0,137.0,137.0,135.0,133.0,134.0,131.0
137.0,135.0,133.0,134.0,133.0,131.0,129.0,125.0
135.0,133.0,134.0,133.0,131.0,129.0,127.0,123.0
134.0,133.0,131.0,129.0,127.0,125.0,123.0,116.0
133.0,131.0,129.0,127.0,125.0,123.0,119.0,113.0
131.0,129.0,127.0,125.0,123.0,119.0,116.0,113.0
129.0,127.0,125.0,123.0,119.0,116.0,113.0,112.0
127.0,125.0,123.0,119.0,116.0,113.0,113.0,110.0
125.0,123.0,119.0,116.0,113.0,113.0,112.0,109.0
123.0,119.0,116.0,113.0,113.0,112.0,110.0,107.0
119.0,116.0,113.0,113.0,112.0,110.0,109.0,105.0
116.0,113.0,113.0,112.0,110.0,109.0,107.0,101.0
113.0,113.0,112.0,110.0,109.0,107.0,105.0,99.0
112.0,110.0,109.0,107.0,105.0,101.0,99.0,99.0
110.0,109.0,107.0,105.0,101.0,99.0,100.0,99.0
109.0,107.0,105.0,101.0,99.0,100.0,99.0,98.0
107.0,105.0,101.0,99.0,100.0,99.0,99.0,97.0
105.0,101.0,99.0,100.0,99.0,99.0,98.0,97.0
101.0,99.0,100.0,99.0,99.0,98.0,97.0,98.0
150.0,138.0,127.0,119.0,114.0,107.0,99.0,89.0
138.0,127.0,119.0,114.0,107.0,99.0,94.0,87.0
127.0,119.0,114.0,107.0,99.0,94.0,89.0,85.0
119.0,114.0,107.0,99.0,94.0,89.0,87.0,86.0
114.0,107.0,99.0,94.0,89.0,87.0,85.0,89.0
99.0,94.0,89.0,87.0,85.0,86.0,89.0,91.0
94.0,89.0,87.0,85.0,86.0,89.0,90.0,96.0
89.0,87.0,85.0,86.0,89.0,90.0,91.0,99.0
87.0,85.0,86.0,89.0,90.0,91.0,96.0,101.0
86.0,89.0,90.0,91.0,96.0,99.0,101.0,103.0
89.0,90.0,91.0,96.0,99.0,101.0,103.0,101.0
91.0,96.0,99.0,101.0,103.0,103.0,101.0,109.0
96.0,99.0,101.0,103.0,103.0,101.0,100.0,119.0
99.0,101.0,103.0,103.0,101.0,100.0,109.0,124.0
103.0,103.0,101.0,100.0,109.0,119.0,124.0,130.0
103.0,101.0,100.0,109.0,119.0,124.0,128.0,133.0
100.0,109.0,119.0,124.0,128.0,130.0,133.0,135.0
134.8181818181818,135.0,134.0,134.0,132.0,134.0,136.0,148.0
134.0,132.0,134.0,136.0,142.0,148.0,153.0,167.0
134.0,136.0,142.0,148.0,153.0,163.0,167.0,171.0
136.6,142.6,148.5,154.0,163.4,167.1,168.3,176.0
142.0,148.0,153.0,163.0,167.0,168.0,171.0,179.0
92.0,99.0,98.0,95.0,89.0,87.0,85.0,84.0
99.0,98.0,95.0,89.0,87.0,85.0,84.0,84.0
98.0,95.0,89.0,87.0,85.0,84.0,84.0,85.0
95.0,89.0,87.0,85.0,84.0,84.0,84.0,86.0
89.0,87.0,85.0,84.0,84.0,84.0,85.0,87.0
85.0,84.0,84.0,84.0,85.0,86.0,87.0,79.0
84.0,84.0,85.0,86.0,87.0,82.0,79.0,77.0
84.0,85.0,86.0,87.0,82.0,79.0,80.0,74.0
85.0,86.0,87.0,82.0,79.0,80.0,77.0,74.0
86.0,87.0,82.0,79.0,80.0,77.0,74.0,69.0
87.0,82.0,79.0,80.0,77.0,74.0,74.0,72.0
81.7,79.1,79.7,76.7,74.0,73.5,69.3,82.0
79.1,79.7,76.7,74.0,73.5,69.3,72.9090909090909,100.0
79.7,76.7,74.0,73.5,69.3,72.9090909090909,82.0,111.0
76.7,74.0,73.5,69.3,72.9090909090909,82.0,100.0,109.0
69.3,72.9090909090909,82.0,100.0,111.0,109.0,109.9,110.0
72.9090909090909,82.0,100.0,111.0,109.0,109.9,109.0909090909091,106.0
111.0,109.0,109.9,109.0909090909091,110.0,106.0,104.0,101.0
109.9,109.0909090909091,110.0,106.0,104.0,104.0,101.0,96.0
109.0909090909091,110.0,106.0,104.0,104.0,101.0,96.0,97.0
110.0,106.0,104.0,104.0,101.0,96.0,96.0,99.0
104.0,104.0,101.0,96.0,96.0,97.0,99.0,102.0
104.0,101.0,96.0,96.0,97.0,99.0,102.0,101.0
101.0,96.0,96.0,97.0,99.0,102.0,102.0,101.0
96.0,96.0,97.0,99.0,102.0,102.0,101.0,103.0
96.0,97.0,99.0,102.0,102.0,101.0,101.0,107.0
97.0,99.0,102.0,102.0,101.0,101.0,103.0,109.0
99.0,102.0,102.0,101.0,101.0,103.0,107.0,110.0
193.0,196.0,190.0,179.0,179.0,180.0,172.0,175.0
196.0,190.0,179.0,179.0,180.0,172.0,173.0,177.0
190.0,179.0,179.0,180.0,172.0,173.0,175.0,183.0
179.0,179.0,180.0,172.0,173.0,175.0,177.0,197.0
179.0,180.0,172.0,173.0,175.0,177.0,183.0,195.0
180.0,172.0,173.0,175.0,177.0,183.0,197.0,203.0
172.0,173.0,175.0,177.0,183.0,197.0,195.0,207.0
173.0,175.0,177.0,183.0,197.0,195.0,203.0,209.0
175.0,177.0,183.0,197.0,195.0,203.0,207.0,221.0
177.0,183.0,197.0,195.0,203.0,207.0,209.0,221.0
183.0,197.0,195.0,203.0,207.0,209.0,221.0,218.0
195.0,203.0,207.0,209.0,221.0,221.0,218.0,211.0
207.0,209.0,221.0,221.0,218.0,215.0,211.0,193.0
209.0,221.0,221.0,218.0,215.0,211.0,201.0,194.0
221.0,221.0,218.0,215.0,211.0,201.0,193.0,192.0
221.0,218.0,215.0,211.0,201.0,193.0,194.0,191.0
215.0,211.0,201.0,193.0,194.0,192.0,191.0,184.0
201.0,193.0,194.0,192.0,191.0,187.0,184.0,171.0
192.0,191.0,187.0,184.0,176.0,171.0,163.0,155.0
191.0,187.0,184.0,176.0,171.0,163.0,158.0,149.0
187.0,184.0,176.0,171.0,163.0,158.0,155.0,143.0
184.0,176.0,171.0,163.0,158.0,155.0,149.0,140.0
171.0,163.0,158.0,155.0,149.0,143.0,140.0,142.0
163.0,158.0,155.0,149.0,143.0,140.0,140.0,143.0
158.0,155.0,149.0,143.0,140.0,140.0,142.0,146.0
149.0,143.0,140.0,140.0,142.0,143.0,146.0,145.0
143.0,140.0,140.0,142.0,143.0,146.0,145.0,142.0
137.0,127.0,106.0,100.0,95.0,88.0,87.0,84.0
127.0,106.0,100.0,95.0,88.0,87.0,84.0,69.0
106.0,100.0,95.0,88.0,87.0,84.0,84.0,67.0
100.0,95.0,88.0,87.0,84.0,84.0,69.0,83.0
88.0,87.0,84.0,84.0,69.0,67.0,83.0,90.0
87.0,84.0,84.0,69.0,67.0,83.0,84.0,102.0
84.0,84.0,69.0,67.0,83.0,84.0,90.0,105.0
84.0,69.0,67.0,83.0,84.0,90.0,102.0,106.0
67.0,83.0,84.0,90.0,102.0,105.0,106.0,112.0
83.0,84.0,90.0,102.0,105.0,106.0,110.0,123.0
84.0,90.0,102.0,105.0,106.0,110.0,112.0,123.0
90.0,102.0,105.0,106.0,110.0,112.0,123.0,121.0
123.0,123.0,121.0,114.0,114.0,120.0,120.0,119.0
123.0,121.0,114.0,114.0,120.0,120.0,117.0,125.0
121.0,114.0,114.0,120.0,120.0,117.0,119.0,126.0
114.0,114.0,120.0,120.0,117.0,119.0,125.0,126.0
120.0,120.0,117.0,119.0,125.0,126.0,126.0,130.0
117.0,119.0,125.0,126.0,126.0,128.0,130.0,130.0
119.0,125.0,126.0,126.0,128.0,130.0,129.0,132.0
125.0,126.0,126.0,128.0,130.0,129.0,130.0,133.0
126.0,126.0,128.0,130.0,129.0,130.0,132.0,143.0
128.0,130.0,129.0,130.0,132.0,133.0,143.0,142.0
129.0,130.0,132.0,133.0,143.0,142.0,142.0,147.0
130.0,132.0,133.0,143.0,142.0,142.0,144.0,149.0
132.0,133.0,143.0,142.0,142.0,144.0,147.0,152.0
102.0,111.45454545454545,116.0,93.9,92.63636363636364,89.0,91.27272727272727,96.0
111.45454545454545,116.0,93.9,92.63636363636364,89.0,91.27272727272727,94.0,106.0
116.0,93.9,92.63636363636364,89.0,91.27272727272727,94.0,96.0,108.0
93.9,92.63636363636364,89.0,91.27272727272727,94.0,96.0,106.0,111.0
92.63636363636364,89.0,91.27272727272727,94.0,96.0,106.0,108.0,110.0
89.0,91.27272727272727,94.0,96.0,106.0,108.0,111.0,112.0
91.27272727272727,94.0,96.0,106.0,108.0,111.0,110.0,114.0
94.0,96.0,106.0,108.0,111.0,110.0,112.0,114.0
106.0,108.0,111.0,110.0,112.0,114.0,114.0,104.0
111.0,110.0,112.0,114.0,114.0,110.0,104.0,97.0
110.0,112.0,114.0,114.0,110.0,104.0,100.0,97.0
112.0,114.0,114.0,110.0,104.0,100.0,97.0,97.0
114.0,110.0,104.0,100.0,97.0,97.0,97.0,100.0
110.0,104.0,100.0,97.0,97.0,97.0,95.0,102.0
104.0,100.0,97.0,97.0,97.0,95.0,100.0,102.0
100.0,97.0,97.0,97.0,95.0,100.0,102.0,101.0
97.0,97.0,97.0,95.0,100.0,102.0,102.0,98.0
97.0,97.0,95.0,100.0,102.0,102.0,101.0,95.0
97.0,95.0,100.0,102.0,102.0,101.0,98.0,93.0
100.0,102.0,102.0,101.0,98.0,95.0,93.0,95.0
102.0,101.0,98.0,95.0,93.0,95.0,95.0,96.0
95.0,95.0,97.0,96.0,94.0,92.0,94.0,100.0
97.0,96.0,94.0,92.0,94.0,97.0,100.0,89.0
96.0,94.0,92.0,94.0,97.0,100.0,94.0,88.0
182.0,181.0,169.0,187.0,195.0,202.0,207.0,215.0
181.0,169.0,187.0,195.0,202.0,207.0,212.0,216.0
187.0,195.0,202.0,207.0,212.0,215.0,216.0,212.0
195.0,202.0,207.0,212.0,215.0,216.0,220.0,209.0
202.0,207.0,212.0,215.0,216.0,220.0,212.0,206.0
207.0,212.0,215.0,216.0,220.0,212.0,209.0,216.0
212.0,215.0,216.0,220.0,212.0,209.0,206.0,215.0
215.0,216.0,220.0,212.0,209.0,206.0,216.0,216.0
216.0,220.0,212.0,209.0,206.0,216.0,215.0,217.0
220.0,212.0,209.0,206.0,216.0,215.0,216.0,228.0
212.0,209.0,206.0,216.0,215.0,216.0,217.0,230.0
209.0,206.0,216.0,215.0,216.0,217.0,228.0,235.0
215.0,216.0,217.0,228.0,230.0,235.0,235.0,226.0
230.5,235.0,234.1818181818182,226.0,225.8,223.9,223.0909090909091,206.0
235.0,234.1818181818182,226.0,225.8,223.9,223.0909090909091,224.0,209.0
234.1818181818182,226.0,225.8,223.9,223.0909090909091,224.0,206.0,228.0
226.0,225.8,223.9,223.0909090909091,224.0,206.0,209.0,223.0
223.9,223.0909090909091,224.0,206.0,209.0,228.0,223.0,215.0
223.0909090909091,224.0,206.0,209.0,228.0,223.0,216.0,215.0
224.0,206.0,209.0,228.0,223.0,216.0,215.0,217.0
206.0,209.0,228.0,223.0,216.0,215.0,215.0,220.0
209.0,228.0,223.0,216.0,215.0,215.0,217.0,220.0
228.0,223.0,216.0,215.0,215.0,217.0,220.0,220.0
223.0,216.0,215.0,215.0,217.0,220.0,220.0,220.0
216.0,215.0,215.0,217.0,220.0,220.0,220.0,220.0
215.0,215.0,217.0,220.0,220.0,220.0,220.0,220.0
215.0,217.0,220.0,220.0,220.0,220.0,220.0,236.0
217.0,220.0,220.0,220.0,220.0,220.0,220.0,244.0
262.0,256.0,260.0,270.0,254.0,244.0,240.0,219.0
256.0,260.0,270.0,254.0,244.0,240.0,231.0,208.0
260.0,270.0,254.0,244.0,240.0,231.0,219.0,201.0
270.0,254.0,244.0,240.0,231.0,219.0,208.0,191.0
254.0,244.0,240.0,231.0,219.0,208.0,201.0,182.0
240.0,231.0,219.0,208.0,201.0,191.0,182.0,170.0
208.0,201.0,191.0,182.0,168.0,170.0,167.0,163.0
201.0,191.0,182.0,168.0,170.0,167.0,165.0,157.0
191.0,182.0,168.0,170.0,167.0,165.0,163.0,153.0
182.0,168.0,170.0,167.0,165.0,163.0,157.0,151.0
168.0,170.0,167.0,165.0,163.0,157.0,153.0,147.0
170.0,167.0,165.0,163.0,157.0,153.0,151.0,138.0
167.0,165.0,163.0,157.0,153.0,151.0,147.0,136.0
165.0,163.0,157.0,153.0,151.0,147.0,138.0,140.0
153.0,151.0,147.0,138.0,136.0,140.0,144.0,144.0
151.0,147.0,138.0,136.0,140.0,144.0,144.0,142.0
147.0,138.0,136.0,140.0,144.0,144.0,144.0,142.0
136.0,140.0,144.0,144.0,144.0,142.0,142.0,141.0
140.0,144.0,144.0,144.0,142.0,142.0,142.0,145.0
144.0,144.0,144.0,142.0,142.0,142.0,141.0,147.0
144.0,142.0,142.0,142.0,141.0,145.0,147.0,148.0
142.0,142.0,142.0,141.0,145.0,147.0,148.0,151.0
142.0,142.0,141.0,145.0,147.0,148.0,148.0,154.0
142.0,141.0,145.0,147.0,148.0,148.0,151.0,158.0
141.0,145.0,147.0,148.0,148.0,151.0,154.0,157.0
145.0,147.0,148.0,148.0,151.0,154.0,158.0,157.0
147.0,148.0,148.0,151.0,154.0,158.0,157.0,162.0
148.0,148.0,151.0,154.0,158.0,157.0,157.0,163.0
148.0,151.0,154.0,158.0,157.0,157.0,162.0,161.0
195.0,201.0,201.0,204.0,206.0,208.0,213.0,215.0
201.0,201.0,204.0,206.0,208.0,213.0,214.0,218.0
206.0,208.0,213.0,214.0,215.0,218.0,219.0,221.0
208.0,213.0,214.0,215.0,218.0,219.0,219.0,222.0
213.0,214.0,215.0,218.0,219.0,219.0,221.0,224.0
214.0,215.0,218.0,219.0,219.0,221.0,222.0,225.0
215.0,218.0,219.0,219.0,221.0,222.0,224.0,228.0
218.0,219.0,219.0,221.0,222.0,224.0,225.0,227.0
219.0,219.0,221.0,222.0,224.0,225.0,228.0,224.0
222.0,224.0,225.0,228.0,227.0,224.0,221.0,203.0
224.0,225.0,228.0,227.0,224.0,221.0,213.0,193.0
225.0,228.0,227.0,224.0,221.0,213.0,203.0,185.0
227.0,224.0,221.0,213.0,203.0,193.0,185.0,169.0
224.0,221.0,213.0,203.0,193.0,185.0,177.0,163.0
221.0,213.0,203.0,193.0,185.0,177.0,169.0,157.0
213.0,203.0,193.0,185.0,177.0,169.0,163.0,151.0
203.0,193.0,185.0,177.0,169.0,163.0,157.0,146.0
193.0,185.0,177.0,169.0,163.0,157.0,151.0,141.0
185.0,177.0,169.0,163.0,157.0,151.0,146.0,138.0
177.0,169.0,163.0,157.0,151.0,146.0,141.0,136.0
168.4,162.4,156.4,150.5,145.5,140.7,137.8,135.0
162.4,156.4,150.5,145.5,140.7,137.8,135.9090909090909,134.0
150.5,145.5,140.7,137.8,135.9090909090909,135.0,134.0,132.0
145.5,140.7,137.8,135.9090909090909,135.0,134.0,132.9090909090909,133.0
135.9090909090909,135.0,134.0,132.9090909090909,132.0,133.0,135.0,134.0
135.0,134.0,132.9090909090909,132.0,133.0,135.0,135.0,133.0
134.0,132.9090909090909,132.0,133.0,135.0,135.0,134.0,130.0
132.9090909090909,132.0,133.0,135.0,135.0,134.0,133.0,128.0
299.0,308.0,272.0,274.0,282.0,296.0,281.0,245.0
308.0,272.0,274.0,282.0,296.0,281.0,277.0,237.0
272.0,274.0,282.0,296.0,281.0,277.0,245.0,266.0
282.0,296.0,281.0,277.0,245.0,237.0,266.0,267.0
296.0,281.0,277.0,245.0,237.0,266.0,266.0,263.0
280.6,273.8,244.2,239.9,266.0,266.1,266.6,263.0
277.0,245.0,237.0,266.0,266.0,267.0,263.0,269.0
244.2,239.9,266.0,266.1,266.6,263.0,263.0,278.0
266.0,266.1,266.6,263.0,263.0,269.8181818181818,278.0,284.0
266.6,263.0,263.0,269.8181818181818,278.0,280.3636363636364,284.0,276.0
263.0,263.0,269.8181818181818,278.0,280.3636363636364,284.0,285.09090909090907,264.0
263.0,269.8181818181818,278.0,280.3636363636364,284.0,285.09090909090907,276.0,257.0
269.8181818181818,278.0,280.3636363636364,284.0,285.09090909090907,276.0,264.0,251.0
284.0,285.09090909090907,276.0,264.0,257.0,251.0,244.0,226.0
285.09090909090907,276.0,264.0,257.0,251.0,244.0,234.1818181818182,220.0
276.0,264.0,257.0,251.0,244.0,234.1818181818182,226.0,218.0
264.0,257.0,251.0,244.0,234.1818181818182,226.0,220.0,216.0
251.0,244.0,234.1818181818182,226.0,220.0,218.0,216.0,218.0
244.0,234.1818181818182,226.0,220.0,218.0,216.0,216.0,217.0
234.1818181818182,226.0,220.0,218.0,216.0,216.0,218.0,214.0
226.0,220.0,218.0,216.0,216.0,218.0,217.0,210.0
220.0,218.0,216.0,216.0,218.0,217.0,214.0,210.0
216.0,216.0,218.0,217.0,214.0,210.0,210.0,208.0
218.0,217.0,214.0,210.0,210.0,209.0,208.0,205.0
214.0,210.0,210.0,209.0,208.0,208.0,205.0,201.0
206.0,201.0,192.0,187.0,184.0,179.0,173.0,163.0
201.0,192.0,187.0,184.0,179.0,173.0,164.0,159.0
192.0,187.0,184.0,179.0,173.0,164.0,163.0,155.0
184.0,179.0,173.0,164.0,163.0,159.0,155.0,146.0
163.0,159.0,155.0,151.0,146.0,145.0,138.0,125.0
159.0,155.0,151.0,146.0,145.0,138.0,131.0,124.0
155.0,151.0,146.0,145.0,138.0,131.0,125.0,122.0
151.0,146.0,145.0,138.0,131.0,125.0,124.0,122.0
138.0,131.0,125.0,124.0,122.0,122.0,116.0,109.0
125.0,124.0,122.0,122.0,116.0,111.0,109.0,105.0
124.0,122.0,122.0,116.0,111.0,109.0,109.0,103.0
122.0,122.0,116.0,111.0,109.0,109.0,105.0,98.0
122.0,116.0,111.0,109.0,109.0,105.0,103.0,92.0
111.0,109.0,109.0,105.0,103.0,98.0,92.0,88.0
109.0,105.0,103.0,98.0,92.0,89.0,88.0,88.0
105.0,103.0,98.0,92.0,89.0,88.0,87.0,88.0
103.0,98.0,92.0,89.0,88.0,87.0,88.0,85.0
92.0,89.0,88.0,87.0,88.0,88.0,85.0,90.0
89.0,88.0,87.0,88.0,88.0,85.0,85.0,89.0
88.0,87.0,88.0,88.0,85.0,85.0,90.0,88.0
88.0,88.0,85.0,85.0,90.0,89.0,88.0,88.0
88.0,85.0,85.0,90.0,89.0,88.0,88.0,90.0
85.0,90.0,89.0,88.0,88.0,88.0,90.0,86.0
90.0,89.0,88.0,88.0,88.0,90.0,86.0,87.0
205.0,212.0,211.0,211.0,218.0,224.0,226.0,230.0
212.0,211.0,211.0,218.0,224.0,226.0,226.0,229.0
211.0,218.0,224.0,226.0,226.0,230.0,229.0,237.0
218.0,224.0,226.0,226.0,230.0,229.0,228.0,237.0
226.0,226.0,230.0,229.0,228.0,237.0,237.0,253.0
226.0,230.0,229.0,228.0,237.0,237.0,240.0,251.0
229.0,228.0,237.0,237.0,240.0,253.0,251.0,241.0
228.0,237.0,237.0,240.0,253.0,251.0,241.0,238.0
237.0,237.0,240.0,253.0,251.0,241.0,241.0,242.0
237.0,240.0,253.0,251.0,241.0,241.0,238.0,240.0
240.0,253.0,251.0,241.0,241.0,238.0,242.0,234.0
253.0,251.0,241.0,241.0,238.0,242.0,240.0,240.0
251.0,241.0,241.0,238.0,242.0,240.0,234.0,240.0
241.0,241.0,238.0,242.0,240.0,234.0,240.0,247.0
241.0,238.0,242.0,240.0,234.0,240.0,240.0,246.0
238.0,242.0,240.0,234.0,240.0,240.0,247.0,239.0
242.0,240.0,234.0,240.0,240.0,247.0,246.0,233.0
234.0,240.0,240.0,247.0,246.0,239.0,233.0,236.0
240.0,240.0,247.0,246.0,239.0,233.0,241.0,229.0
240.0,247.0,246.0,239.0,233.0,241.0,236.0,215.0
246.0,239.0,233.0,241.0,236.0,229.0,215.0,198.0
239.0,233.0,241.0,236.0,229.0,215.0,210.0,193.0
229.0,215.0,210.0,198.0,193.0,173.0,181.0,174.0
215.0,210.0,198.0,193.0,173.0,181.0,177.0,156.0
193.0,173.0,181.0,177.0,174.0,156.0,159.0,167.0
173.0,181.0,177.0,174.0,156.0,159.0,166.0,174.0
171.0,170.0,168.0,197.0,215.0,225.0,236.0,245.0
170.0,168.0,197.0,215.0,225.0,236.0,241.0,253.0
168.0,197.0,215.0,225.0,236.0,241.0,245.0,259.0
197.0,215.0,225.0,236.0,241.0,245.0,253.0,267.0
225.0,236.0,241.0,245.0,253.0,259.0,267.0,262.0
236.0,241.0,245.0,253.0,259.0,267.0,266.0,263.0
241.4,245.8,253.6,259.8,266.9,265.6,262.1,269.0
245.0,253.0,259.0,267.0,266.0,262.0,263.0,272.0
266.9,265.6,262.1,263.54545454545456,269.0,272.0,270.9,253.0
269.0,272.0,270.9,260.27272727272725,253.0,253.0,259.1,261.0
272.0,270.9,260.27272727272725,253.0,253.0,259.1,260.09090909090907,251.0
253.0,253.0,259.1,260.09090909090907,261.0,251.0,257.4,261.0
253.0,259.1,260.09090909090907,261.0,251.0,257.4,261.0,258.0
259.1,260.09090909090907,261.0,251.0,257.4,261.0,261.0,259.0
260.09090909090907,261.0,251.0,257.4,261.0,261.0,258.0,260.0
261.0,251.0,257.4,261.0,261.0,258.0,259.0,252.0
258.0,259.0,260.0,252.0,243.0,236.0,227.0,206.0
259.0,260.0,252.0,243.0,236.0,227.0,224.0,199.0
260.0,252.0,243.0,236.0,227.0,224.0,206.0,187.0
252.0,243.0,236.0,227.0,224.0,206.0,199.0,182.0
243.0,236.0,227.0,224.0,206.0,199.0,187.0,152.0
236.0,227.0,224.0,206.0,199.0,187.0,182.0,163.0
227.0,224.0,206.0,199.0,187.0,182.0,152.0,155.0
121.0,126.0,131.0,140.0,140.0,137.0,157.0,194.0
126.0,131.0,140.0,140.0,137.0,157.0,175.0,198.0
131.0,140.0,140.0,137.0,157.0,175.0,194.0,209.0
140.0,140.0,137.0,157.0,175.0,194.0,198.0,225.0
137.0,157.0,175.0,194.0,198.0,209.0,225.0,229.0
157.0,175.0,194.0,198.0,209.0,225.0,226.0,228.0
175.0,194.0,198.0,209.0,225.0,226.0,229.0,235.0
194.0,198.0,209.0,225.0,226.0,229.0,228.0,230.0
225.0,226.0,229.0,228.0,235.0,230.0,216.0,210.0
226.0,229.0,228.0,235.0,230.0,216.0,213.0,207.0
229.0,228.0,235.0,230.0,216.0,213.0,210.0,228.0
228.0,235.0,230.0,216.0,213.0,210.0,207.0,225.0
235.0,230.0,216.0,213.0,210.0,207.0,228.0,228.0
216.0,213.0,210.0,207.0,228.0,225.0,228.0,240.0
213.0,210.0,207.0,228.0,225.0,228.0,240.0,235.0
207.0,228.0,225.0,228.0,240.0,240.0,235.0,227.0
228.0,225.0,228.0,240.0,240.0,235.0,227.0,215.0
225.0,228.0,240.0,240.0,235.0,227.0,227.0,213.0
228.0,240.0,240.0,235.0,227.0,227.0,215.0,209.0
240.0,240.0,235.0,227.0,227.0,215.0,213.0,210.0
240.0,235.0,227.0,227.0,215.0,213.0,209.0,206.0
235.0,227.0,227.0,215.0,213.0,209.0,210.0,203.0
227.0,215.0,213.0,209.0,210.0,206.0,203.0,200.0
215.0,213.0,209.0,210.0,206.0,203.0,201.0,206.0
213.0,209.0,210.0,206.0,203.0,201.0,200.0,204.0
209.0,210.0,206.0,203.0,201.0,200.0,206.0,204.0
206.0,203.0,201.0,200.0,206.0,204.0,204.0,196.0
203.0,201.0,200.0,206.0,204.0,204.0,194.0,193.0
201.0,200.0,206.0,204.0,204.0,194.0,196.0,189.0
136.0,143.0,149.0,152.0,154.0,158.0,161.0,169.0
152.2,154.4,158.3,161.27272727272728,164.0,169.6,175.1,174.0
154.4,158.3,161.27272727272728,164.0,169.6,175.1,175.8181818181818,173.0
164.0,169.6,175.1,175.8181818181818,174.0,173.0,168.0,174.0
173.0,168.0,168.54545454545453,174.0,175.9090909090909,175.0,171.1,177.0
162.0,164.0,166.0,164.0,170.0,167.0,167.0,168.0
164.0,166.0,164.0,170.0,167.0,167.0,168.0,172.0
166.0,164.0,170.0,167.0,167.0,168.0,168.0,167.0
170.0,167.0,167.0,168.0,168.0,172.0,167.0,173.0
167.0,168.0,168.0,172.0,167.0,169.0,173.0,182.0
168.0,168.0,172.0,167.0,169.0,173.0,178.0,185.0
168.0,172.0,167.0,169.0,173.0,178.0,182.0,187.0
172.0,167.0,169.0,173.0,178.0,182.0,185.0,188.0
167.0,169.0,173.0,178.0,182.0,185.0,187.0,191.0
169.0,173.0,178.0,182.0,185.0,187.0,188.0,187.0
246.0,237.0,220.0,208.0,194.0,177.0,166.0,145.0
220.0,208.0,194.0,177.0,166.0,152.0,145.0,134.0
208.0,194.0,177.0,166.0,152.0,145.0,141.0,131.0
194.0,177.0,166.0,152.0,145.0,141.0,134.0,135.0
177.0,166.0,152.0,145.0,141.0,134.0,131.0,131.0
166.0,152.0,145.0,141.0,134.0,131.0,135.0,132.0
152.0,145.0,141.0,134.0,131.0,135.0,131.0,138.0
145.0,141.0,134.0,131.0,135.0,131.0,132.0,144.0
141.0,134.0,131.0,135.0,131.0,132.0,138.0,135.0
134.0,131.0,135.0,131.0,132.0,138.0,144.0,135.0
135.0,131.0,132.0,138.0,144.0,135.0,135.0,131.0
131.0,132.0,138.0,144.0,135.0,135.0,135.0,130.0
138.0,144.0,135.0,135.0,135.0,131.0,130.0,138.0
135.0,135.0,135.0,131.0,130.0,128.0,138.0,143.0
135.0,131.0,130.0,128.0,138.0,142.0,143.0,146.0
131.0,130.0,128.0,138.0,142.0,143.0,147.0,145.0
128.0,138.0,142.0,143.0,147.0,146.0,145.0,149.0
138.0,142.0,143.0,147.0,146.0,145.0,146.0,152.0
142.0,143.0,147.0,146.0,145.0,146.0,149.0,152.0
143.0,147.0,146.0,145.0,146.0,149.0,152.0,144.0
147.0,146.0,145.0,146.0,149.0,152.0,152.0,144.0
146.0,145.0,146.0,149.0,152.0,152.0,144.0,144.0
149.0,152.0,152.0,144.0,144.0,144.0,142.0,145.0
152.0,152.0,144.0,144.0,144.0,142.0,144.0,143.0
152.0,144.0,144.0,144.0,142.0,144.0,145.0,143.0
144.0,144.0,144.0,142.0,144.0,145.0,143.0,145.0
144.0,144.0,142.0,144.0,145.0,143.0,143.0,147.0
192.0,192.0,188.0,170.0,192.0,192.0,190.0,183.0
192.0,188.0,170.0,192.0,192.0,190.0,187.0,182.0
188.0,170.0,192.0,192.0,190.0,187.0,183.0,181.0
170.0,192.0,192.0,190.0,187.0,183.0,182.0,181.0
192.0,192.0,190.0,187.0,183.0,182.0,181.0,181.0
192.0,190.0,187.0,183.0,182.0,181.0,181.0,180.0
187.0,183.0,182.0,181.0,181.0,181.0,180.0,174.0
183.0,182.0,181.0,181.0,181.0,180.0,177.0,166.0
182.0,181.0,181.0,181.0,180.0,177.0,174.0,157.0
181.0,181.0,181.0,180.0,177.0,174.0,166.0,150.0
181.0,181.0,180.0,177.0,174.0,166.0,157.0,147.0
181.0,180.0,177.0,174.0,166.0,157.0,150.0,148.0
180.0,177.0,174.0,166.0,157.0,150.0,147.0,146.0
174.0,166.0,157.0,150.0,147.0,148.0,146.0,145.0
157.0,150.0,147.0,148.0,146.0,149.0,145.0,134.0
150.0,147.0,148.0,146.0,149.0,145.0,136.0,134.0
147.0,148.0,146.0,149.0,145.0,136.0,134.0,134.0
149.0,145.0,136.0,134.0,134.0,134.0,132.0,134.0
145.0,136.0,134.0,134.0,134.0,132.0,132.0,135.0
136.0,134.0,134.0,134.0,132.0,132.0,134.0,135.0
134.0,134.0,132.0,132.0,134.0,135.0,135.0,137.0
133.8,132.0,132.2,134.1,135.0,135.0909090909091,136.0,137.0
132.0,132.2,134.1,135.0,135.0909090909091,136.0,137.0,140.0
132.2,134.1,135.0,135.0909090909091,136.0,137.0,137.0,140.0
135.0,135.0909090909091,136.0,137.0,137.0,140.0,140.0,143.0
136.0,137.0,137.0,140.0,140.0,140.0,143.0,147.0
137.0,137.0,140.0,140.0,140.0,143.0,146.0909090909091,155.0
137.0,140.0,140.0,140.0,143.0,146.0909090909091,147.0,162.0
267.0,262.0,262.0,258.0,251.0,247.0,245.0,239.0
262.0,262.0,258.0,251.0,247.0,245.0,242.0,234.0
262.0,258.0,251.0,247.0,245.0,242.0,239.0,234.0
258.0,251.0,247.0,245.0,242.0,239.0,234.0,237.0
251.0,247.0,245.0,242.0,239.0,234.0,234.0,235.0
247.0,245.0,242.0,239.0,234.0,234.0,237.0,235.0
245.0,242.0,239.0,234.0,234.0,237.0,235.0,228.0
242.0,239.0,234.0,234.0,237.0,235.0,235.0,227.0
239.0,234.0,234.0,237.0,235.0,235.0,228.0,216.0
234.0,237.0,235.0,235.0,228.0,227.0,216.0,200.0
237.0,235.0,235.0,228.0,227.0,216.0,211.0,194.0
235.0,235.0,228.0,227.0,216.0,211.0,200.0,194.0
235.0,228.0,227.0,216.0,211.0,200.0,194.0,190.0
228.0,227.0,216.0,211.0,200.0,194.0,194.0,188.0
216.0,211.0,200.0,194.0,194.0,190.0,188.0,185.0
211.0,200.0,194.0,194.0,190.0,188.0,187.0,178.0
200.0,194.0,194.0,190.0,188.0,187.0,185.0,176.0
194.0,194.0,190.0,188.0,187.0,185.0,178.0,174.0
194.0,190.0,188.0,187.0,185.0,178.0,176.0,174.0
188.0,187.0,185.0,178.0,176.0,174.0,174.0,172.0
185.0,178.0,176.0,174.0,174.0,174.0,172.0,165.0
178.0,176.0,174.0,174.0,174.0,172.0,169.0,164.0
174.0,172.0,169.0,165.0,164.0,160.0,155.0,156.0
172.0,169.0,165.0,164.0,160.0,155.0,155.0,156.0
169.0,165.0,164.0,160.0,155.0,155.0,156.0,155.0
165.0,164.0,160.0,155.0,155.0,156.0,156.0,158.0
164.0,160.0,155.0,155.0,156.0,156.0,155.0,159.0
160.0,155.0,155.0,156.0,156.0,155.0,158.0,160.0
155.0,155.0,156.0,156.0,155.0,158.0,159.0,166.0
180.0,196.0,197.0,199.0,201.0,202.0,203.0,203.0
196.0,197.0,199.0,201.0,202.0,203.0,204.0,198.0
197.0,199.0,201.0,202.0,203.0,204.0,203.0,194.0
202.0,203.0,204.0,203.0,198.0,194.0,190.0,188.0
204.0,203.0,198.0,194.0,190.0,188.0,188.0,183.0
203.0,198.0,194.0,190.0,188.0,188.0,186.0,184.0
198.0,194.0,190.0,188.0,188.0,186.0,183.0,182.0
194.0,190.0,188.0,188.0,186.0,183.0,184.0,179.0
190.0,188.0,188.0,186.0,183.0,184.0,182.0,177.0
188.0,188.0,186.0,183.0,184.0,182.0,179.0,174.0
186.0,183.0,184.0,182.0,179.0,177.0,174.0,169.0
183.0,184.0,182.0,179.0,177.0,174.0,170.0,170.0
182.0,179.0,177.0,174.0,170.0,169.0,170.0,168.0
177.0,174.0,170.0,169.0,170.0,169.0,168.0,168.0
174.0,170.0,169.0,170.0,169.0,168.0,168.0,174.0
170.0,169.0,170.0,169.0,168.0,168.0,168.0,167.0
169.0,170.0,169.0,168.0,168.0,168.0,174.0,155.0
170.0,169.0,168.0,168.0,168.0,174.0,167.0,161.0
169.0,168.0,168.0,168.0,174.0,167.0,155.0,168.0
168.0,168.0,168.0,174.0,167.0,155.0,161.0,170.0
167.0,155.0,161.0,168.0,170.0,170.0,168.0,171.0
155.0,161.0,168.0,170.0,170.0,168.0,169.0,174.0
161.0,168.0,170.0,170.0,168.0,169.0,171.0,176.0
168.0,170.0,170.0,168.0,169.0,171.0,174.0,181.0
170.0,170.0,168.0,169.0,171.0,174.0,176.0,182.0
170.0,168.0,169.0,171.0,174.0,176.0,181.0,181.0
225.9,225.0,225.3,227.0,217.6,214.6,219.9,216.0
225.0,225.0,228.0,218.0,214.0,220.0,219.0,213.0
219.9,218.72727272727272,216.0,212.7,209.4,203.3,196.2,188.0
212.7,209.4,203.3,196.2,188.9090909090909,188.0,183.72727272727272,175.0
209.4,203.3,196.2,188.9090909090909,188.0,183.72727272727272,181.0,171.0
196.2,188.9090909090909,188.0,183.72727272727272,181.0,175.0,171.0,163.0
188.9090909090909,188.0,183.72727272727272,181.0,175.0,171.0,164.8181818181818,155.0
183.72727272727272,181.0,175.0,171.0,164.8181818181818,163.0,155.0,143.0
175.0,171.0,164.8181818181818,163.0,155.0,150.0,143.0,139.0
171.0,164.8181818181818,163.0,155.0,150.0,143.0,139.0,137.0
164.8181818181818,163.0,155.0,150.0,143.0,139.0,139.0,139.0
163.0,155.0,150.0,143.0,139.0,139.0,137.0,140.0
155.0,150.0,143.0,139.0,139.0,137.0,139.0,140.0
150.0,143.0,139.0,139.0,137.0,139.0,140.0,141.0
143.0,139.0,139.0,137.0,139.0,140.0,140.0,142.0
139.0,139.0,137.0,139.0,140.0,140.0,141.0,144.0
139.0,137.0,139.0,140.0,140.0,141.0,142.0,144.0
137.0,139.0,140.0,140.0,141.0,142.0,144.0,144.0
139.0,140.0,140.0,141.0,142.0,144.0,144.0,144.0
140.0,140.0,141.0,142.0,144.0,144.0,144.0,142.0
142.0,144.0,144.0,144.0,144.0,142.0,139.0,140.0
144.0,144.0,144.0,144.0,142.0,139.0,139.0,140.0
144.0,144.0,142.0,139.0,139.0,140.0,140.0,139.0
103.0,139.0,161.0,169.0,170.0,167.0,165.0,165.0
139.0,161.0,169.0,170.0,167.0,165.0,165.0,156.0
161.0,169.0,170.0,167.0,165.0,165.0,165.0,145.0
169.0,170.0,167.0,165.0,165.0,165.0,156.0,133.0
170.0,167.0,165.0,165.0,165.0,156.0,145.0,127.0
165.0,165.0,165.0,156.0,145.0,133.0,127.0,115.0
165.0,165.0,156.0,145.0,133.0,127.0,120.0,113.0
165.0,156.0,145.0,133.0,127.0,120.0,115.0,114.0
156.0,145.0,133.0,127.0,120.0,115.0,113.0,110.0
133.0,127.0,120.0,115.0,113.0,114.0,110.0,99.0
127.0,120.0,115.0,113.0,114.0,110.0,102.0,98.0
120.0,115.0,113.0,114.0,110.0,102.0,99.0,93.0
115.0,113.0,114.0,110.0,102.0,99.0,98.0,88.0
113.0,114.0,110.0,102.0,99.0,98.0,93.0,81.0
114.0,110.0,102.0,99.0,98.0,93.0,88.0,78.0
110.0,102.0,99.0,98.0,93.0,88.0,81.0,75.0
102.0,99.0,98.0,93.0,88.0,81.0,78.0,75.0
99.0,98.0,93.0,88.0,81.0,78.0,75.0,77.0
98.0,93.0,88.0,81.0,78.0,75.0,75.0,78.0
93.0,88.0,81.0,78.0,75.0,75.0,77.0,77.0
81.0,78.0,75.0,75.0,77.0,78.0,77.0,79.0
78.0,75.0,75.0,77.0,78.0,77.0,78.0,87.0
75.0,75.0,77.0,78.0,77.0,78.0,79.0,96.0
75.0,77.0,78.0,77.0,78.0,79.0,87.0,106.0
77.0,78.0,77.0,78.0,79.0,87.0,96.0,112.0
78.0,77.0,78.0,79.0,87.0,96.0,106.0,111.0
77.0,78.0,79.0,87.0,96.0,106.0,112.0,111.0
78.0,79.0,87.0,96.0,106.0,112.0,111.0,113.0
79.0,87.0,96.0,106.0,112.0,111.0,111.0,113.0
87.0,96.0,106.0,112.0,111.0,111.0,113.0,114.0
96.0,106.0,112.0,111.0,111.0,113.0,113.0,115.0
106.0,112.0,111.0,111.0,113.0,113.0,114.0,111.0
112.0,111.0,111.0,113.0,113.0,114.0,115.0,104.0
282.0,288.0,295.0,297.0,298.0,295.0,296.0,293.0
288.0,295.0,297.0,298.0,295.0,296.0,294.0,299.0
297.0,298.0,295.0,296.0,294.0,293.0,299.0,310.0
295.0,296.0,294.0,293.0,299.0,302.0,310.0,318.0
296.0,294.0,293.0,299.0,302.0,310.0,314.0,320.0
294.0,293.0,299.0,302.0,310.0,314.0,318.0,323.0
293.0,299.0,302.0,310.0,314.0,318.0,320.0,320.0
302.0,310.0,314.0,318.0,320.0,323.0,320.0,312.0
310.0,314.0,318.0,320.0,323.0,320.0,317.0,309.0
314.0,318.0,320.0,323.0,320.0,317.0,312.0,307.0
323.0,320.0,317.0,312.0,309.0,307.0,308.0,311.0
317.0,312.0,309.0,307.0,308.0,311.0,311.0,320.0
312.0,309.0,307.0,308.0,311.0,311.0,320.0,316.0
307.0,308.0,311.0,311.0,320.0,320.0,316.0,315.0
308.0,311.0,311.0,320.0,320.0,316.0,315.0,314.0
311.0,311.0,320.0,320.0,316.0,315.0,315.0,314.0
320.0,320.0,316.0,315.0,315.0,314.0,314.0,317.0
320.0,316.0,315.0,315.0,314.0,314.0,317.0,315.0
316.0,315.0,315.0,314.0,314.0,317.0,317.0,311.0
314.0,314.0,317.0,317.0,315.0,311.0,306.0,280.0
314.0,317.0,317.0,315.0,311.0,306.0,297.0,263.0
315.0,311.0,306.0,297.0,280.0,263.0,254.0,236.0
306.0,297.0,280.0,263.0,254.0,243.0,236.0,230.0
221.0,217.0,215.0,211.0,203.0,197.0,191.0,189.0
217.0,215.0,211.0,203.0,197.0,191.0,190.0,191.0
215.0,211.0,203.0,197.0,191.0,190.0,189.0,192.0
211.0,203.0,197.0,191.0,190.0,189.0,191.0,188.0
203.0,197.0,191.0,190.0,189.0,191.0,192.0,187.0
197.0,191.0,190.0,189.0,191.0,192.0,188.0,192.0
191.0,190.0,189.0,191.0,192.0,188.0,187.0,206.0
190.0,189.0,191.0,192.0,188.0,187.0,192.0,209.0
189.0,191.0,192.0,188.0,187.0,192.0,206.0,210.0
191.0,192.0,188.0,187.0,192.0,206.0,209.0,208.0
192.0,188.0,187.0,192.0,206.0,209.0,210.0,210.0
188.0,187.0,192.0,206.0,209.0,210.0,208.0,206.0
187.0,192.0,206.0,209.0,210.0,208.0,210.0,205.0
192.0,206.0,209.0,210.0,208.0,210.0,206.0,209.0
206.0,209.0,210.0,208.0,210.0,206.0,205.0,219.0
210.0,208.0,210.0,206.0,205.0,209.0,219.0,209.0
210.0,206.0,205.0,209.0,219.0,213.0,209.0,192.0
206.0,205.0,209.0,219.0,213.0,209.0,198.0,187.0
205.0,209.0,219.0,213.0,209.0,198.0,192.0,181.0
209.0,219.0,213.0,209.0,198.0,192.0,187.0,173.0
219.0,213.0,209.0,198.0,192.0,187.0,181.0,160.0
213.0,209.0,198.0,192.0,187.0,181.0,173.0,148.0
209.0,198.0,192.0,187.0,181.0,173.0,160.0,142.0
192.0,187.0,181.0,173.0,160.0,148.0,142.0,136.0
187.0,181.0,173.0,160.0,148.0,142.0,147.0,131.0
181.0,173.0,160.0,148.0,142.0,147.0,136.0,126.0
148.0,142.0,147.0,136.0,131.0,126.0,124.0,116.0
142.0,147.0,136.0,131.0,126.0,124.0,121.0,114.0
147.0,136.0,131.0,126.0,124.0,121.0,116.0,112.0
136.0,131.0,126.0,124.0,121.0,116.0,114.0,113.0
131.0,126.0,124.0,121.0,116.0,114.0,112.0,112.0
246.0,239.0,237.0,235.0,231.0,224.0,223.0,224.0
239.0,237.0,235.0,231.0,224.0,223.0,222.0,226.0
237.0,235.0,231.0,224.0,223.0,222.0,224.0,225.0
235.0,231.0,224.0,223.0,222.0,224.0,226.0,220.0
231.0,224.0,223.0,222.0,224.0,226.0,225.0,223.0
224.0,223.0,222.0,224.0,226.0,225.0,220.0,229.0
223.0,222.0,224.0,226.0,225.0,220.0,223.0,231.0
222.0,224.0,226.0,225.0,220.0,223.0,229.0,233.0
226.0,225.0,220.0,223.0,229.0,231.0,233.0,230.0
225.0,220.0,223.0,229.0,231.0,233.0,235.0,240.0
220.0,223.0,229.0,231.0,233.0,235.0,230.0,243.0
223.0,229.0,231.0,233.0,235.0,230.0,240.0,245.0
229.0,231.0,233.0,235.0,230.0,240.0,243.0,246.0
231.0,233.0,235.0,230.0,240.0,243.0,245.0,242.0
233.0,235.0,230.0,240.0,243.0,245.0,246.0,243.0
235.0,230.0,240.0,243.0,245.0,246.0,242.0,237.0
240.0,243.0,245.0,246.0,242.0,243.0,237.0,241.0
243.0,245.0,246.0,242.0,243.0,237.0,238.0,239.0
245.0,246.0,242.0,243.0,237.0,238.0,241.0,234.0
246.0,242.0,243.0,237.0,238.0,241.0,239.0,234.0
242.0,243.0,237.0,238.0,241.0,239.0,234.0,232.0
243.0,237.0,238.0,241.0,239.0,234.0,234.0,233.0
237.0,238.0,241.0,239.0,234.0,234.0,232.0,234.0
238.0,241.0,239.0,234.0,234.0,232.0,233.0,235.0
241.0,239.0,234.0,234.0,232.0,233.0,234.0,244.0
239.0,234.0,234.0,232.0,233.0,234.0,235.0,249.0
232.0,233.0,234.0,235.0,244.0,249.0,253.0,254.0
233.1,234.1,235.9,244.5,249.4,253.3,255.8,249.0
295.90909090909093,285.0,278.0,272.0,269.3636363636364,253.0,228.0,180.0
285.0,278.0,272.0,269.3636363636364,253.0,228.0,204.0,151.0
278.0,272.0,269.3636363636364,253.0,228.0,204.0,180.0,125.0
272.0,269.3636363636364,253.0,228.0,204.0,180.0,151.0,119.0
269.3636363636364,253.0,228.0,204.0,180.0,151.0,125.0,142.0
228.0,204.0,180.0,151.0,125.0,119.0,142.0,220.0
204.0,180.0,151.0,125.0,119.0,142.0,185.0,249.0
119.0,142.0,185.0,220.0,249.0,261.0,285.0,294.0
142.0,185.0,220.0,249.0,261.0,285.0,291.0,303.0
185.0,220.0,249.0,261.0,285.0,291.0,294.0,301.0
220.0,249.0,261.0,285.0,291.0,294.0,303.0,300.0
249.0,261.0,285.0,291.0,294.0,303.0,301.0,297.0
261.0,285.0,291.0,294.0,303.0,301.0,300.0,270.0
291.0,294.0,303.0,301.0,300.0,297.0,270.0,248.0
294.0,303.0,301.0,300.0,297.0,270.0,246.0,255.0
303.0,301.0,300.0,297.0,270.0,246.0,248.0,256.0
301.0,300.0,297.0,270.0,246.0,248.0,255.0,233.0
300.0,297.0,270.0,246.0,248.0,255.0,256.0,232.0
270.0,246.0,248.0,255.0,256.0,233.0,232.0,253.0
248.0,255.0,256.0,233.0,232.0,246.0,253.0,254.0
255.0,256.0,233.0,232.0,246.0,253.0,255.0,238.0
233.0,232.0,246.0,253.0,255.0,254.0,238.0,218.0
232.0,246.0,253.0,255.0,254.0,238.0,230.0,195.0
246.0,253.0,255.0,254.0,238.0,230.0,218.0,175.0
253.0,255.0,254.0,238.0,230.0,218.0,195.0,154.0
238.0,230.0,218.0,195.0,175.0,154.0,151.0,146.0
140.0,154.0,171.0,169.0,159.0,153.0,166.0,210.0
171.0,169.0,159.0,153.0,166.0,192.0,210.0,236.0
169.0,159.0,153.0,166.0,192.0,210.0,227.0,241.0
153.0,166.0,192.0,210.0,227.0,236.0,241.0,223.0
166.0,192.0,210.0,227.0,236.0,241.0,242.0,203.0
192.0,210.0,227.0,236.0,241.0,242.0,223.0,181.0
210.0,227.0,236.0,241.0,242.0,223.0,203.0,166.0
236.0,241.0,242.0,223.0,203.0,181.0,166.0,156.0
242.0,223.0,203.0,181.0,166.0,165.0,156.0,150.0
223.0,203.0,181.0,166.0,165.0,156.0,144.0,154.0
203.0,181.0,166.0,165.0,156.0,144.0,150.0,160.0
181.0,166.0,165.0,156.0,144.0,150.0,154.0,146.0
166.0,165.0,156.0,144.0,150.0,154.0,160.0,136.0
165.0,156.0,144.0,150.0,154.0,160.0,146.0,134.0
144.0,150.0,154.0,160.0,146.0,136.0,134.0,115.0
150.0,154.0,160.0,146.0,136.0,134.0,124.0,145.0
154.0,160.0,146.0,136.0,134.0,124.0,115.0,153.0
146.0,136.0,134.0,124.0,115.0,145.0,153.0,187.0
136.0,134.0,124.0,115.0,145.0,153.0,183.0,180.0
134.0,124.0,115.0,145.0,153.0,183.0,187.0,210.0
124.0,115.0,145.0,153.0,183.0,187.0,180.0,238.0
153.0,183.0,187.0,180.0,210.0,238.0,259.0,244.0
180.0,210.0,238.0,259.0,258.0,244.0,233.0,224.0
210.0,238.0,259.0,258.0,244.0,233.0,227.0,232.0
238.0,259.0,258.0,244.0,233.0,227.0,224.0,235.0
168.0,164.0,150.0,142.0,124.0,103.0,82.0,87.0
164.0,150.0,142.0,124.0,103.0,82.0,67.0,137.0
150.0,142.0,124.0,103.0,82.0,67.0,87.0,174.0
142.0,124.0,103.0,82.0,67.0,87.0,137.0,180.0
103.0,82.0,67.0,87.0,137.0,174.0,180.0,205.0
82.0,67.0,87.0,137.0,174.0,180.0,196.0,204.0
67.0,87.0,137.0,174.0,180.0,196.0,205.0,225.0
137.0,174.0,180.0,196.0,205.0,204.0,225.0,252.0
174.0,180.0,196.0,205.0,204.0,225.0,242.0,244.0
180.0,196.0,205.0,204.0,225.0,242.0,252.0,233.0
196.0,205.0,204.0,225.0,242.0,252.0,244.0,214.0
204.0,225.0,242.0,252.0,244.0,233.0,214.0,174.0
226.7,243.0,251.2,242.9,231.1,211.7,189.3,144.0
243.0,251.2,242.9,231.1,211.7,189.3,171.27272727272728,109.0
251.2,242.9,231.1,211.7,189.3,171.27272727272728,144.0,98.0
242.9,231.1,211.7,189.3,171.27272727272728,144.0,109.0,91.0
189.3,171.27272727272728,144.0,109.0,98.0,91.0,94.7,112.0
144.0,109.0,98.0,91.0,94.7,102.0,112.0,136.0
109.0,98.0,91.0,94.7,102.0,112.0,124.0,152.0
98.0,91.0,94.7,102.0,112.0,124.0,136.0,161.0
94.7,102.0,112.0,124.0,136.0,152.0,161.0,184.0
102.0,112.0,124.0,136.0,152.0,161.0,173.0,196.0
112.0,124.0,136.0,152.0,161.0,173.0,184.0,196.0
136.0,152.0,161.0,173.0,184.0,196.0,196.0,204.0
152.0,161.0,173.0,184.0,196.0,196.0,193.0,208.0
161.0,173.0,184.0,196.0,196.0,193.0,204.0,212.0
184.0,196.0,196.0,193.0,204.0,208.0,212.0,201.0
150.0,153.0,154.0,156.0,162.0,164.0,168.0,167.0
153.0,154.0,156.0,162.0,164.0,168.0,168.0,168.0
154.2,156.6,162.2,164.4,168.0,167.9,167.1,170.0
167.9,167.1,168.1818181818182,170.0,169.0,165.8,163.9090909090909,162.0
169.0,165.8,163.9090909090909,163.0,162.0,160.0,156.27272727272728,147.0
165.8,163.9090909090909,163.0,162.0,160.0,156.27272727272728,149.0,142.0
163.9090909090909,163.0,162.0,160.0,156.27272727272728,149.0,147.0,132.0
163.0,162.0,160.0,156.27272727272728,149.0,147.0,142.0,131.0
162.0,160.0,156.27272727272728,149.0,147.0,142.0,132.0,120.0
160.0,156.27272727272728,149.0,147.0,142.0,132.0,131.0,119.0
156.27272727272728,149.0,147.0,142.0,132.0,131.0,120.0,120.0
149.0,147.0,142.0,132.0,131.0,120.0,119.0,122.0
142.0,132.0,131.0,120.0,119.0,120.0,122.0,116.0
120.0,119.0,120.0,122.0,121.0,116.0,113.0,104.0
119.0,120.0,122.0,121.0,116.0,113.0,110.0,101.0
122.0,121.0,116.0,113.0,110.0,104.0,101.0,95.0
121.0,116.0,113.0,110.0,104.0,101.0,100.0,89.0
116.0,113.0,110.0,104.0,101.0,100.0,95.0,85.0
110.0,104.0,101.0,100.0,95.0,89.0,85.0,84.0
101.0,100.0,95.0,89.0,85.0,85.0,84.0,78.0
95.0,89.0,85.0,85.0,84.0,82.0,78.0,69.0
218.0,221.0,230.0,243.0,243.0,248.0,251.0,262.0
221.0,230.0,243.0,243.0,248.0,251.0,254.0,261.0
230.0,243.0,243.0,248.0,251.0,254.0,262.0,261.0
243.0,243.0,248.0,251.0,254.0,262.0,261.0,260.0
243.0,248.0,251.0,254.0,262.0,261.0,261.0,259.0
248.0,251.0,254.0,262.0,261.0,261.0,260.0,257.0
251.0,254.0,262.0,261.0,261.0,260.0,259.0,253.0
254.0,262.0,261.0,261.0,260.0,259.0,257.0,251.0
262.0,261.0,261.0,260.0,259.0,257.0,253.0,252.0
261.0,261.0,260.0,259.0,257.0,253.0,251.0,240.0
261.0,260.0,259.0,257.0,253.0,251.0,252.0,239.0
260.0,259.0,257.0,253.0,251.0,252.0,240.0,240.0
259.0,257.0,253.0,251.0,252.0,240.0,239.0,232.0
253.0,251.0,252.0,240.0,239.0,240.0,232.0,237.0
252.0,240.0,239.0,240.0,232.0,238.0,237.0,235.0
240.0,232.0,238.0,237.0,237.0,235.0,226.0,209.0
232.0,238.0,237.0,237.0,235.0,226.0,225.0,207.0
238.0,237.0,237.0,235.0,226.0,225.0,209.0,200.0
237.0,237.0,235.0,226.0,225.0,209.0,207.0,200.0
226.0,225.0,209.0,207.0,200.0,200.0,193.0,185.0
225.0,209.0,207.0,200.0,200.0,193.0,191.0,181.0
207.0,200.0,200.0,193.0,191.0,185.0,181.0,174.0
