79.0,83.0,89.0,90.0,90.0,87.0,83.0,81.0
89.0,90.0,90.0,87.0,83.0,81.0,81.0,88.0
90.0,90.0,87.0,83.0,81.0,81.0,86.0,84.0
90.0,87.0,83.0,81.0,81.0,86.0,88.0,78.0
83.0,81.0,81.0,86.0,88.0,84.0,78.0,74.0
81.0,81.0,86.0,88.0,84.0,78.0,73.0,71.0
81.0,86.0,88.0,84.0,78.0,73.0,74.0,64.0
86.0,88.0,84.0,78.0,73.0,74.0,71.0,60.0
84.0,78.0,73.0,74.0,71.0,64.0,60.0,63.0
78.0,73.0,74.0,71.0,64.0,60.0,60.0,66.0
60.0,60.0,63.0,66.0,68.0,72.0,74.0,86.0
60.0,63.0,66.0,68.0,72.0,74.0,77.0,88.0
68.0,72.0,74.0,77.0,86.0,88.0,88.0,89.0
74.0,77.0,86.0,88.0,88.0,85.0,89.0,91.0
77.0,86.0,88.0,88.0,85.0,89.0,90.0,95.0
88.0,88.0,85.0,89.0,90.0,91.0,95.0,94.0
88.0,85.0,89.0,90.0,91.0,95.0,96.0,94.0
85.0,89.0,90.0,91.0,95.0,96.0,94.0,86.0
89.0,90.0,91.0,95.0,96.0,94.0,94.0,94.0
90.0,91.0,95.0,96.0,94.0,94.0,86.0,99.0
91.0,95.0,96.0,94.0,94.0,86.0,94.0,100.0
95.0,96.0,94.0,94.0,86.0,94.0,99.0,98.0
94.0,94.0,86.0,94.0,99.0,100.0,98.0,102.0
184.0,182.2,184.54545454545453,190.0,189.9,188.9,187.27272727272728,175.0
182.2,184.54545454545453,190.0,189.9,188.9,187.27272727272728,180.0,172.0
184.54545454545453,190.0,189.9,188.9,187.27272727272728,180.0,175.0,182.0
189.9,188.9,187.27272727272728,180.0,175.0,172.0,182.0,179.0
188.9,187.27272727272728,180.0,175.0,172.0,182.0,184.0,175.0
187.27272727272728,180.0,175.0,172.0,182.0,184.0,179.0,174.0
180.0,175.0,172.0,182.0,184.0,179.0,175.0,171.0
172.0,182.0,184.0,179.0,175.0,174.0,171.0,167.0
182.0,184.0,179.0,175.0,174.0,171.0,167.0,166.0
184.0,179.0,175.0,174.0,171.0,167.0,167.0,160.0
179.0,175.0,174.0,171.0,167.0,167.0,166.0,154.0
174.0,171.0,167.0,167.0,166.0,160.0,154.0,148.0
171.0,167.0,167.0,166.0,160.0,154.0,151.0,139.0
167.0,167.0,166.0,160.0,154.0,151.0,148.0,139.0
167.0,166.0,160.0,154.0,151.0,148.0,139.0,134.0
166.0,160.0,154.0,151.0,148.0,139.0,139.0,131.0
151.0,148.0,139.0,139.0,134.0,131.0,130.0,121.0
139.0,134.0,131.0,130.0,124.0,121.0,118.0,115.0
131.0,130.0,124.0,121.0,118.0,116.0,115.0,107.0
124.0,121.0,118.0,116.0,115.0,111.0,107.0,103.0
121.0,118.0,116.0,115.0,111.0,107.0,105.0,100.0
118.0,116.0,115.0,111.0,107.0,105.0,103.0,102.0
116.0,115.0,111.0,107.0,105.0,103.0,100.0,95.0
115.0,111.0,107.0,105.0,103.0,100.0,102.0,87.0
132.0,121.0,115.0,111.0,104.0,100.0,95.0,88.0
121.0,115.0,111.0,104.0,100.0,95.0,91.0,86.0
115.0,111.0,104.0,100.0,95.0,91.0,88.0,82.0
104.0,100.0,95.0,91.0,88.0,86.0,82.0,75.0
100.0,95.0,91.0,88.0,86.0,82.0,77.0,67.0
95.0,91.0,88.0,86.0,82.0,77.0,75.0,67.0
91.0,88.0,86.0,82.0,77.0,75.0,67.0,68.0
88.0,86.0,82.0,77.0,75.0,67.0,67.0,68.0
86.0,82.0,77.0,75.0,67.0,67.0,68.0,66.0
82.0,77.0,75.0,67.0,67.0,68.0,68.0,74.0
77.0,75.0,67.0,67.0,68.0,68.0,66.0,88.0
75.0,67.0,67.0,68.0,68.0,66.0,74.0,103.0
67.0,67.0,68.0,68.0,66.0,74.0,88.0,113.0
68.0,68.0,66.0,74.0,88.0,103.0,113.0,126.0
68.0,66.0,74.0,88.0,103.0,113.0,116.0,133.0
103.0,113.0,116.0,126.0,133.0,134.0,132.0,131.0
113.0,116.0,126.0,133.0,134.0,132.0,128.0,132.0
116.0,126.0,133.0,134.0,132.0,128.0,131.0,133.0
133.0,134.0,132.0,128.0,131.0,132.0,133.0,130.0
134.0,132.0,128.0,131.0,132.0,133.0,131.0,127.0
128.0,131.0,132.0,133.0,131.0,130.0,127.0,121.0
131.0,132.0,133.0,131.0,130.0,127.0,124.0,119.0
132.0,133.0,131.0,130.0,127.0,124.0,121.0,116.0
133.0,131.0,130.0,127.0,124.0,121.0,119.0,111.0
127.0,130.0,118.0,119.0,118.0,115.0,113.0,108.0
130.0,118.0,119.0,118.0,115.0,113.0,111.0,109.0
118.0,119.0,118.0,115.0,113.0,111.0,108.0,108.0
118.0,115.0,113.0,111.0,108.0,109.0,108.0,103.0
111.0,108.0,109.0,108.0,105.0,103.0,101.0,97.0
108.0,109.0,108.0,105.0,103.0,101.0,99.0,96.0
109.0,108.0,105.0,103.0,101.0,99.0,97.0,88.0
108.0,105.0,103.0,101.0,99.0,97.0,96.0,89.0
105.0,103.0,101.0,99.0,97.0,96.0,88.0,87.0
101.0,99.0,97.0,96.0,88.0,89.0,87.0,81.0
99.0,97.0,96.0,88.0,89.0,87.0,83.0,80.0
96.9,95.2,88.1,88.8,86.6,82.8,80.9,78.0
95.2,88.1,88.8,86.6,82.8,80.9,79.81818181818181,76.0
88.1,88.8,86.6,82.8,80.9,79.81818181818181,78.0,74.0
86.6,82.8,80.9,79.81818181818181,78.0,76.0,74.0,73.0
82.8,80.9,79.81818181818181,78.0,76.0,74.0,73.9090909090909,72.0
78.0,76.0,74.0,73.9090909090909,73.0,72.0,67.8,61.0
74.0,73.9090909090909,73.0,72.0,67.8,65.54545454545455,61.0,73.0
73.9090909090909,73.0,72.0,67.8,65.54545454545455,61.0,64.0,87.0
73.0,72.0,67.8,65.54545454545455,61.0,64.0,73.0,105.0
72.0,67.8,65.54545454545455,61.0,64.0,73.0,87.0,128.0
67.8,65.54545454545455,61.0,64.0,73.0,87.0,105.0,147.0
65.54545454545455,61.0,64.0,73.0,87.0,105.0,128.0,147.0
61.0,64.0,73.0,87.0,105.0,128.0,147.0,151.0
64.0,73.0,87.0,105.0,128.0,147.0,147.0,154.0
73.0,87.0,105.0,128.0,147.0,147.0,151.0,152.0
211.0,213.0,212.0,214.0,216.0,206.0,203.0,219.0
213.0,212.0,214.0,216.0,206.0,203.0,213.0,229.0
258.0,260.0,250.0,249.0,251.0,246.0,246.0,248.0
260.0,250.0,249.0,251.0,246.0,246.0,246.0,247.0
250.0,249.0,251.0,246.0,246.0,246.0,248.0,244.0
251.0,246.0,246.0,246.0,248.0,247.0,244.0,225.0
246.0,246.0,246.0,248.0,247.0,244.0,234.0,221.0
246.0,246.0,248.0,247.0,244.0,234.0,225.0,219.0
246.0,248.0,247.0,244.0,234.0,225.0,221.0,207.0
248.0,247.0,244.0,234.0,225.0,221.0,219.0,181.0
244.0,234.0,225.0,221.0,219.0,207.0,181.0,147.0
234.0,225.0,221.0,219.0,207.0,181.0,160.0,137.0
225.0,221.0,219.0,207.0,181.0,160.0,147.0,132.0
221.0,219.0,207.0,181.0,160.0,147.0,137.0,123.0
219.0,207.0,181.0,160.0,147.0,137.0,132.0,115.0
160.0,147.0,137.0,132.0,123.0,115.0,108.0,95.0
147.0,137.0,132.0,123.0,115.0,108.0,101.0,91.0
137.0,132.0,123.0,115.0,108.0,101.0,95.0,85.0
132.0,123.0,115.0,108.0,101.0,95.0,91.0,81.0
123.0,115.0,108.0,101.0,95.0,91.0,85.0,80.0
115.0,108.0,101.0,95.0,91.0,85.0,81.0,79.0
101.0,115.36363636363636,119.0,128.9090909090909,138.0,145.0,150.0,150.0
115.36363636363636,119.0,128.9090909090909,138.0,145.0,150.0,151.0,145.0
128.9090909090909,138.0,145.0,150.0,151.0,150.0,145.0,156.0
138.0,145.0,150.0,151.0,150.0,145.0,144.0,157.0
145.0,150.0,151.0,150.0,145.0,144.0,156.0,157.0
150.0,151.0,150.0,145.0,144.0,156.0,157.0,155.0
151.0,150.0,145.0,144.0,156.0,157.0,157.0,154.0
145.0,144.0,156.0,157.0,157.0,155.0,154.0,147.0
156.0,157.0,157.0,155.0,154.0,148.0,147.0,149.0
157.0,157.0,155.0,154.0,148.0,147.0,148.0,156.0
155.0,154.0,148.0,147.0,148.0,149.0,156.0,162.0
154.0,148.0,147.0,148.0,149.0,156.0,163.0,157.0
148.0,147.0,148.0,149.0,156.0,163.0,162.0,153.0
148.0,149.0,156.0,163.0,162.0,157.0,153.0,136.0
149.0,156.0,163.0,162.0,157.0,153.0,144.0,137.0
156.0,163.0,162.0,157.0,153.0,144.0,136.0,138.0
162.0,157.0,153.0,144.0,136.0,137.0,138.0,136.0
157.0,153.0,144.0,136.0,137.0,138.0,137.0,135.0
153.0,144.0,136.0,137.0,138.0,137.0,136.0,132.0
137.0,138.0,137.0,136.0,135.0,132.0,129.0,128.0
135.0,132.0,129.0,128.0,128.0,129.0,131.0,134.0
129.0,128.0,128.0,129.0,131.0,131.0,134.0,134.0
128.0,128.0,129.0,131.0,131.0,134.0,134.0,133.0
128.0,129.0,131.0,131.0,134.0,134.0,134.0,134.0
100.0,104.0,109.0,114.0,126.0,134.0,131.0,142.0
104.0,109.0,114.0,126.0,134.0,131.0,132.0,151.0
109.0,114.0,126.0,134.0,131.0,132.0,142.0,161.0
114.0,126.0,134.0,131.0,132.0,142.0,151.0,168.0
126.0,134.0,131.0,132.0,142.0,151.0,161.0,174.0
134.0,131.0,132.0,142.0,151.0,161.0,168.0,175.0
131.0,132.0,142.0,151.0,161.0,168.0,174.0,174.0
151.0,161.0,168.0,174.0,175.0,174.0,172.0,170.0
161.0,168.0,174.0,175.0,174.0,172.0,171.0,168.0
175.0,174.0,172.0,171.0,170.0,168.0,165.0,161.0
174.0,172.0,171.0,170.0,168.0,165.0,161.0,158.0
172.0,171.0,170.0,168.0,165.0,161.0,161.0,161.0
170.0,168.0,165.0,161.0,161.0,158.0,161.0,165.0
168.0,165.0,161.0,161.0,158.0,161.0,165.0,160.0
165.0,161.0,161.0,158.0,161.0,165.0,165.0,159.0
161.0,161.0,158.0,161.0,165.0,165.0,160.0,159.0
161.0,158.0,161.0,165.0,165.0,160.0,159.0,159.0
158.0,161.0,165.0,165.0,160.0,159.0,159.0,160.0
161.0,165.0,165.0,160.0,159.0,159.0,159.0,164.0
165.0,165.0,160.0,159.0,159.0,159.0,160.0,164.0
165.0,160.0,159.0,159.0,159.0,160.0,164.0,159.0
160.0,159.0,159.0,159.0,160.0,164.0,164.0,158.0
159.0,160.0,164.0,164.0,159.0,158.0,153.0,152.0
160.0,164.0,164.0,159.0,158.0,153.0,152.0,149.0
164.0,164.0,159.0,158.0,153.0,152.0,152.0,145.0
164.0,159.0,158.0,153.0,152.0,152.0,149.0,137.0
158.0,153.0,152.0,152.0,149.0,145.0,137.0,146.0
153.0,152.0,152.0,149.0,145.0,137.0,147.0,148.0
159.0,168.0,168.5,163.1818181818182,155.0,149.7,146.6,138.0
168.0,168.5,163.1818181818182,155.0,149.7,146.6,142.54545454545453,133.0
168.5,163.1818181818182,155.0,149.7,146.6,142.54545454545453,138.0,131.0
163.1818181818182,155.0,149.7,146.6,142.54545454545453,138.0,133.0,130.0
149.7,146.6,142.54545454545453,138.0,133.0,131.0,130.0,132.0
146.6,142.54545454545453,138.0,133.0,131.0,130.0,132.0,132.0
142.54545454545453,138.0,133.0,131.0,130.0,132.0,132.0,131.0
138.0,133.0,131.0,130.0,132.0,132.0,132.0,130.0
131.0,130.0,132.0,132.0,132.0,131.0,130.0,125.0
130.0,132.0,132.0,132.0,131.0,130.0,129.0,126.0
132.0,132.0,132.0,131.0,130.0,129.0,125.0,126.0
132.0,132.0,131.0,130.0,129.0,125.0,126.0,119.0
132.0,131.0,130.0,129.0,125.0,126.0,126.0,117.0
131.0,130.0,129.0,125.0,126.0,126.0,119.0,117.0
129.0,125.0,126.0,126.0,119.0,117.0,117.0,117.0
125.0,126.0,126.0,119.0,117.0,117.0,120.0,117.0
126.0,126.0,119.0,117.0,117.0,120.0,117.0,115.0
126.0,119.0,117.0,117.0,120.0,117.0,117.0,115.0
119.0,117.0,117.0,120.0,117.0,117.0,115.0,114.0
117.0,120.0,117.0,117.0,115.0,115.0,114.0,102.0
120.0,117.0,117.0,115.0,115.0,114.0,115.0,103.0
115.0,115.0,114.0,115.0,102.0,103.0,104.0,121.0
115.0,114.0,115.0,102.0,103.0,104.0,120.0,119.0
114.0,115.0,102.0,103.0,104.0,120.0,121.0,118.0
218.0,208.0,190.0,176.0,159.0,133.0,131.0,108.0
208.0,190.0,176.0,159.0,133.0,131.0,120.0,104.0
190.0,176.0,159.0,133.0,131.0,120.0,108.0,103.0
176.0,159.0,133.0,131.0,120.0,108.0,104.0,103.0
159.0,133.0,131.0,120.0,108.0,104.0,103.0,106.0
133.0,131.0,120.0,108.0,104.0,103.0,103.0,111.0
108.0,104.0,103.0,103.0,106.0,111.0,112.0,103.0
104.0,103.0,103.0,106.0,111.0,112.0,111.0,101.0
103.0,103.0,106.0,111.0,112.0,111.0,103.0,101.0
103.0,106.0,111.0,112.0,111.0,103.0,101.0,101.0
111.0,112.0,111.0,103.0,101.0,101.0,101.0,98.0
111.0,103.0,101.0,101.0,101.0,100.0,98.0,94.0
103.0,101.0,101.0,101.0,100.0,98.0,97.0,93.0
101.0,101.0,100.0,98.0,97.0,94.0,93.0,90.0
101.0,100.0,98.0,97.0,94.0,93.0,93.0,92.0
100.0,98.0,97.0,94.0,93.0,93.0,90.0,92.0
93.0,93.0,90.0,92.0,92.0,92.0,92.0,88.0
93.0,90.0,92.0,92.0,92.0,92.0,86.0,85.0
90.0,92.0,92.0,92.0,92.0,86.0,88.0,84.0
86.0,88.0,85.0,84.0,84.0,86.0,88.0,93.0
88.0,85.0,84.0,84.0,86.0,88.0,90.0,94.0
85.0,84.0,84.0,86.0,88.0,90.0,93.0,95.0
84.0,84.0,86.0,88.0,90.0,93.0,94.0,98.0
84.0,86.0,88.0,90.0,93.0,94.0,95.0,101.0
184.0,188.0,189.0,190.0,187.0,182.0,175.0,153.0
189.7,186.5,181.3,174.1,164.7,151.5,137.5,132.0
187.0,182.0,175.0,166.0,153.0,138.0,133.0,132.0
137.5,132.9090909090909,132.0,132.0,131.8,129.7,126.8,120.0
132.9090909090909,132.0,132.0,131.8,129.7,126.8,124.54545454545455,120.0
132.0,131.8,129.7,126.8,124.54545454545455,120.0,120.0,119.0
131.8,129.7,126.8,124.54545454545455,120.0,120.0,120.81818181818181,117.0
124.54545454545455,120.0,120.0,120.81818181818181,119.0,117.0,126.2,126.0
120.0,120.0,120.81818181818181,119.0,117.0,126.2,127.81818181818181,122.0
120.81818181818181,119.0,117.0,126.2,127.81818181818181,126.0,122.0,122.0
119.0,117.0,126.2,127.81818181818181,126.0,122.0,121.0,121.0
117.0,126.2,127.81818181818181,126.0,122.0,121.0,122.0,122.0
126.2,127.81818181818181,126.0,122.0,121.0,122.0,121.0,122.0
127.81818181818181,126.0,122.0,121.0,122.0,121.0,122.0,124.0
121.0,122.0,121.0,122.0,122.0,124.0,126.0,128.0
121.0,122.0,122.0,124.0,126.0,126.0,128.0,127.0
122.0,122.0,124.0,126.0,126.0,128.0,128.0,125.0
122.0,124.0,126.0,126.0,128.0,128.0,127.0,125.0
126.0,126.0,128.0,128.0,127.0,125.0,125.0,125.0
126.0,128.0,128.0,127.0,125.0,125.0,125.0,126.0
128.0,128.0,127.0,125.0,125.0,125.0,125.0,123.0
128.0,127.0,125.0,125.0,125.0,125.0,126.0,121.0
123.0,125.0,126.0,120.0,118.0,117.0,113.0,108.0
125.0,126.0,120.0,118.0,117.0,113.0,111.0,109.0
126.0,120.0,118.0,117.0,113.0,111.0,108.0,107.0
118.0,117.0,113.0,111.0,108.0,109.0,107.0,109.0
117.0,113.0,111.0,108.0,109.0,107.0,107.0,110.0
113.0,111.0,108.0,109.0,107.0,107.0,109.0,110.0
111.0,108.0,109.0,107.0,107.0,109.0,110.0,110.0
109.0,107.0,107.0,109.0,110.0,110.0,110.0,102.0
107.0,107.0,109.0,110.0,110.0,110.0,109.0,101.0
107.0,109.0,110.0,110.0,110.0,109.0,102.0,99.0
109.0,110.0,110.0,110.0,109.0,102.0,101.0,98.0
110.0,110.0,109.0,102.0,101.0,99.0,98.0,95.0
110.0,109.0,102.0,101.0,99.0,98.0,99.0,95.0
109.0,102.0,101.0,99.0,98.0,99.0,95.0,95.0
102.0,101.0,99.0,98.0,99.0,95.0,95.0,95.0
101.0,99.0,98.0,99.0,95.0,95.0,95.0,95.0
99.0,98.0,99.0,95.0,95.0,95.0,95.0,94.0
98.0,99.0,95.0,95.0,95.0,95.0,95.0,92.0
99.0,95.0,95.0,95.0,95.0,95.0,94.0,91.0
95.0,95.0,95.0,95.0,95.0,94.0,92.0,91.0
95.0,95.0,95.0,94.0,92.0,91.0,91.0,89.0
95.0,95.0,94.0,92.0,91.0,91.0,90.0,89.0
95.0,94.0,92.0,91.0,91.0,90.0,89.0,86.0
92.0,91.0,91.0,90.0,89.0,89.0,86.0,87.0
91.0,91.0,90.0,89.0,89.0,86.0,86.0,84.0
91.0,90.0,89.0,89.0,86.0,86.0,87.0,83.0
89.0,89.0,86.0,86.0,87.0,84.0,83.0,81.0
89.0,86.0,86.0,87.0,84.0,83.0,82.0,80.0
86.0,86.0,87.0,84.0,83.0,82.0,81.0,79.0
86.0,87.0,84.0,83.0,82.0,81.0,80.0,78.0
90.0,89.0,80.0,80.0,77.0,73.0,69.0,63.0
89.0,80.0,80.0,77.0,73.0,69.0,66.0,61.0
80.0,80.0,77.0,73.0,69.0,66.0,63.0,62.0
80.0,77.0,73.0,69.0,66.0,63.0,61.0,62.0
73.0,69.0,66.0,63.0,61.0,62.0,62.0,75.0
69.0,66.0,63.0,61.0,62.0,62.0,72.0,75.0
66.0,63.0,61.0,62.0,62.0,72.0,75.0,69.0
63.0,61.0,62.0,62.0,72.0,75.0,75.0,64.0
62.0,62.0,72.0,75.0,75.0,69.0,64.0,68.0
62.0,72.0,75.0,75.0,69.0,64.0,67.0,69.0
72.0,75.0,75.0,69.0,64.0,67.0,68.0,68.0
75.0,75.0,69.0,64.0,67.0,68.0,69.0,69.0
75.0,69.0,64.0,67.0,68.0,69.0,68.0,71.0
67.0,68.0,69.0,68.0,69.0,71.0,73.0,82.0
68.0,69.0,68.0,69.0,71.0,73.0,80.0,81.0
69.0,68.0,69.0,71.0,73.0,80.0,82.0,80.0
68.0,69.0,71.0,73.0,80.0,82.0,81.0,80.0
69.0,71.0,73.0,80.0,82.0,81.0,80.0,79.0
80.0,82.0,81.0,80.0,80.0,79.0,78.0,77.0
82.0,81.0,80.0,80.0,79.0,78.0,78.0,73.0
81.0,80.0,80.0,79.0,78.0,78.0,77.0,70.0
80.0,79.0,78.0,78.0,77.0,73.0,70.0,70.0
79.0,78.0,78.0,77.0,73.0,70.0,72.0,71.0
78.0,78.0,77.0,73.0,70.0,72.0,70.0,70.0
78.0,77.0,73.0,70.0,72.0,70.0,71.0,71.0
73.0,70.0,72.0,70.0,71.0,70.0,71.0,69.0
72.0,70.0,71.0,70.0,71.0,70.0,69.0,65.0
161.0,156.0,153.0,148.0,144.0,141.0,140.0,138.0
156.0,153.0,148.0,144.0,141.0,140.0,139.0,137.0
148.0,144.0,141.0,140.0,139.0,138.0,137.0,128.0
144.0,141.0,140.0,139.0,138.0,137.0,132.0,125.0
141.0,140.0,139.0,138.0,137.0,132.0,128.0,122.0
138.0,137.0,132.0,128.0,125.0,122.0,121.0,110.0
137.0,132.0,128.0,125.0,122.0,121.0,116.0,105.0
132.0,128.0,125.0,122.0,121.0,116.0,110.0,101.0
128.0,125.0,122.0,121.0,116.0,110.0,105.0,96.0
122.0,121.0,116.0,110.0,105.0,101.0,96.0,90.0
116.0,110.0,105.0,101.0,96.0,94.0,90.0,83.0
110.0,105.0,101.0,96.0,94.0,90.0,86.0,81.0
105.0,101.0,96.0,94.0,90.0,86.0,83.0,78.0
101.0,96.0,94.0,90.0,86.0,83.0,81.0,74.0
94.0,90.0,86.0,83.0,81.0,78.0,74.0,69.0
90.0,86.0,83.0,81.0,78.0,74.0,72.0,69.0
86.0,83.0,81.0,78.0,74.0,72.0,69.0,68.0
83.0,81.0,78.0,74.0,72.0,69.0,69.0,84.0
81.0,78.0,74.0,72.0,69.0,69.0,68.0,112.0
74.0,72.0,69.0,69.0,68.0,84.0,112.0,143.0
72.0,69.0,69.0,68.0,84.0,112.0,131.0,149.0
69.0,68.0,84.0,112.0,131.0,143.0,149.0,157.0
68.0,84.0,112.0,131.0,143.0,149.0,151.0,161.0
112.0,131.0,143.0,149.0,151.0,157.0,161.0,165.0
131.0,143.0,149.0,151.0,157.0,161.0,163.0,168.0
143.6,149.2,151.6,157.4,161.2,163.2,165.3,172.0
149.2,151.6,157.4,161.2,163.2,165.3,168.36363636363637,173.0
135.0,122.0,112.0,106.0,101.0,99.0,98.0,86.0
122.0,112.0,106.0,101.0,99.0,98.0,96.0,76.0
112.0,106.0,101.0,99.0,98.0,96.0,86.0,72.0
106.0,101.0,99.0,98.0,96.0,86.0,76.0,68.0
98.0,96.0,86.0,76.0,72.0,68.0,66.0,68.0
96.0,86.0,76.0,72.0,68.0,66.0,62.0,78.0
76.0,72.0,68.0,66.0,62.0,68.0,78.0,134.0
68.0,66.0,62.0,68.0,78.0,113.0,134.0,159.0
66.0,62.0,68.0,78.0,113.0,134.0,149.0,159.0
62.0,68.0,78.0,113.0,134.0,149.0,159.0,158.0
68.0,78.0,113.0,134.0,149.0,159.0,159.0,158.0
78.0,113.0,134.0,149.0,159.0,159.0,158.0,153.0
113.0,134.0,149.0,159.0,159.0,158.0,158.0,149.0
159.0,159.0,158.0,158.0,153.0,149.0,146.0,143.0
159.0,158.0,158.0,153.0,149.0,146.0,145.0,135.0
158.0,158.0,153.0,149.0,146.0,145.0,143.0,129.0
153.0,149.0,146.0,145.0,143.0,135.0,129.0,131.0
149.0,146.0,145.0,143.0,135.0,129.0,129.0,131.0
146.0,145.0,143.0,135.0,129.0,129.0,131.0,129.0
143.0,135.0,129.0,129.0,131.0,131.0,129.0,127.0
129.0,131.0,131.0,129.0,128.0,127.0,126.0,118.0
131.0,129.0,128.0,127.0,126.0,123.0,118.0,115.0
128.0,127.0,126.0,123.0,118.0,117.0,115.0,110.0
127.0,126.0,123.0,118.0,117.0,115.0,113.0,109.0
213.0,212.0,193.0,195.0,194.0,186.0,182.0,173.0
195.0,194.0,186.0,182.0,176.0,173.0,170.0,148.0
182.0,176.0,173.0,170.0,166.0,148.0,141.0,144.0
148.0,141.0,144.0,144.0,142.0,142.0,140.0,131.0
141.0,144.0,144.0,142.0,142.0,140.0,135.0,127.0
144.0,142.0,142.0,140.0,135.0,131.0,127.0,120.0
142.0,142.0,140.0,135.0,131.0,127.0,121.0,120.0
142.0,140.0,135.0,131.0,127.0,121.0,120.0,113.0
140.0,135.0,131.0,127.0,121.0,120.0,120.0,109.0
135.0,131.0,127.0,121.0,120.0,120.0,113.0,104.0
127.0,121.0,120.0,120.0,113.0,109.0,104.0,97.0
121.0,120.0,120.0,113.0,109.0,104.0,100.0,93.0
120.0,120.0,113.0,109.0,104.0,100.0,97.0,89.0
120.0,113.0,109.0,104.0,100.0,97.0,93.0,87.0
113.0,109.0,104.0,100.0,97.0,93.0,89.0,86.0
109.0,104.0,100.0,97.0,93.0,89.0,87.0,80.0
104.0,100.0,97.0,93.0,89.0,87.0,86.0,74.0
100.0,97.0,93.0,89.0,87.0,86.0,80.0,73.0
97.0,93.0,89.0,87.0,86.0,80.0,74.0,72.0
93.0,89.0,87.0,86.0,80.0,74.0,73.0,67.0
87.0,86.0,80.0,74.0,73.0,72.0,67.0,64.0
86.0,80.0,74.0,73.0,72.0,67.0,66.0,62.0
74.0,73.0,72.0,67.0,66.0,64.0,62.0,57.0
73.0,72.0,67.0,66.0,64.0,62.0,59.0,57.0
218.0,217.0,209.0,175.0,165.0,162.0,168.0,177.0
175.0,165.0,162.0,168.0,174.0,177.0,176.0,165.0
165.0,162.0,168.0,174.0,177.0,176.0,171.0,165.0
162.0,168.0,174.0,177.0,176.0,171.0,165.0,165.0
168.0,174.0,177.0,176.0,171.0,165.0,165.0,165.0
174.0,177.0,176.0,171.0,165.0,165.0,165.0,165.0
177.0,176.0,171.0,165.0,165.0,165.0,165.0,169.0
176.0,171.0,165.0,165.0,165.0,165.0,165.0,171.0
165.0,165.0,165.0,165.0,165.0,169.0,171.0,171.0
165.0,165.0,165.0,165.0,169.0,171.0,172.0,169.0
165.0,165.0,169.0,171.0,172.0,171.0,169.0,169.0
169.0,171.0,172.0,171.0,169.0,169.0,169.0,165.0
171.0,172.0,171.0,169.0,169.0,169.0,164.0,165.0
172.0,171.0,169.0,169.0,169.0,164.0,165.0,164.0
171.0,169.0,169.0,169.0,164.0,165.0,165.0,164.0
169.0,169.0,169.0,164.0,165.0,165.0,164.0,167.0
169.0,164.0,165.0,165.0,164.0,164.0,167.0,165.0
164.0,165.0,165.0,164.0,164.0,167.0,168.0,163.0
165.0,164.9,164.0,164.3,167.1,167.7,164.8,161.0
165.0,164.0,164.0,167.0,168.0,165.0,163.0,158.0
164.0,164.3,167.1,167.7,164.8,162.8181818181818,161.0,156.0
157.8181818181818,156.0,154.7,151.9,150.9,149.9,148.8,143.0
178.0,177.2,169.9090909090909,169.0,169.0,169.0,167.0,161.0
177.2,169.9090909090909,169.0,169.0,169.0,167.0,165.0,156.0
169.9090909090909,169.0,169.0,169.0,167.0,165.0,161.0,148.0
169.0,169.0,169.0,167.0,165.0,161.0,156.0,146.0
169.0,169.0,167.0,165.0,161.0,156.0,148.0,141.0
169.0,167.0,165.0,161.0,156.0,148.0,146.0,138.0
167.0,165.0,161.0,156.0,148.0,146.0,141.0,134.0
165.0,161.0,156.0,148.0,146.0,141.0,138.0,132.0
161.0,156.0,148.0,146.0,141.0,138.0,134.0,136.0
148.0,146.0,141.0,138.0,134.0,132.0,136.0,129.0
146.0,141.0,138.0,134.0,132.0,136.0,127.0,128.0
141.0,138.0,134.0,132.0,136.0,127.0,129.0,124.0
138.0,134.0,132.0,136.0,127.0,129.0,128.0,126.0
132.0,136.0,127.0,129.0,128.0,124.0,126.0,114.0
136.0,127.0,129.0,128.0,124.0,126.0,118.0,109.0
118.0,114.0,109.0,104.0,89.0,99.0,97.0,92.0
114.0,109.0,104.0,89.0,99.0,97.0,91.0,93.0
109.0,104.0,89.0,99.0,97.0,91.0,92.0,94.0
104.0,89.0,99.0,97.0,91.0,92.0,93.0,90.0
99.0,97.0,91.0,92.0,93.0,94.0,90.0,89.0
91.0,92.0,93.0,94.0,90.0,92.0,89.0,88.0
92.0,93.0,94.0,90.0,92.0,89.0,89.0,87.0
93.0,94.0,90.0,92.0,89.0,89.0,88.0,80.0
90.0,92.0,89.0,89.0,88.0,87.0,80.0,86.0
89.0,89.0,88.0,87.0,80.0,87.0,86.0,82.0
162.0,166.0,170.0,195.0,193.0,186.0,186.0,177.0
166.0,170.0,195.0,193.0,186.0,186.0,188.0,186.0
170.0,195.0,193.0,186.0,186.0,188.0,177.0,191.0
195.0,193.0,186.0,186.0,188.0,177.0,186.0,193.0
193.0,186.0,186.0,188.0,177.0,186.0,191.0,185.0
186.0,186.0,188.0,177.0,186.0,191.0,193.0,178.0
186.0,191.0,193.0,185.0,178.0,179.0,180.0,176.0
191.0,193.0,185.0,178.0,179.0,180.0,181.0,171.0
185.0,178.0,179.0,180.0,181.0,176.0,171.0,168.0
178.0,179.0,180.0,181.0,176.0,171.0,169.0,161.0
179.0,180.0,181.0,176.0,171.0,169.0,168.0,159.0
180.0,181.0,176.0,171.0,169.0,168.0,161.0,157.0
181.0,176.0,171.0,169.0,168.0,161.0,159.0,155.0
176.0,171.0,169.0,168.0,161.0,159.0,157.0,149.0
171.0,169.0,168.0,161.0,159.0,157.0,155.0,143.0
161.0,159.0,157.0,155.0,149.0,143.0,143.0,123.0
159.0,157.0,155.0,149.0,143.0,143.0,137.0,127.0
157.0,155.0,149.0,143.0,143.0,137.0,123.0,121.0
149.0,143.0,143.0,137.0,123.0,127.0,121.0,111.0
143.0,137.0,123.0,127.0,121.0,119.0,111.0,107.0
137.0,123.0,127.0,121.0,119.0,111.0,107.0,102.0
151.0,151.0,151.0,151.0,147.0,142.0,143.0,150.0
151.0,151.0,151.0,147.0,142.0,143.0,149.0,153.0
151.0,151.0,147.0,142.0,143.0,149.0,150.0,154.0
151.0,147.0,142.0,143.0,149.0,150.0,153.0,154.0
147.0,142.0,143.0,149.0,150.0,153.0,154.0,148.0
142.0,143.0,149.0,150.0,153.0,154.0,154.0,148.0
132.6,130.4,143.1,143.8,141.63636363636363,138.0,136.0,133.0
130.4,143.1,143.8,141.63636363636363,138.0,136.0,135.0,131.0
143.1,143.8,141.63636363636363,138.0,136.0,135.0,133.0,127.0
141.63636363636363,138.0,136.0,135.0,133.0,131.0,127.0,120.0
136.0,135.0,133.0,131.0,127.0,123.0,120.0,111.0
135.0,133.0,131.0,127.0,123.0,120.0,116.45454545454545,109.0
127.0,123.0,120.0,116.45454545454545,111.0,109.0,107.0,101.0
123.0,120.0,116.45454545454545,111.0,109.0,107.0,107.0,99.0
120.0,116.45454545454545,111.0,109.0,107.0,107.0,101.0,99.0
116.45454545454545,111.0,109.0,107.0,107.0,101.0,99.0,101.0
77.0,76.0,76.0,77.0,81.0,83.0,84.0,92.0
76.0,76.0,77.0,81.0,83.0,84.0,86.0,99.0
76.0,77.0,81.0,83.0,84.0,86.0,92.0,100.0
77.0,81.0,83.0,84.0,86.0,92.0,99.0,93.0
81.0,83.0,84.0,86.0,92.0,99.0,100.0,82.0
83.0,84.0,86.0,92.0,99.0,100.0,93.0,71.0
92.0,99.0,100.0,93.0,82.0,71.0,57.0,43.0
99.0,100.0,93.0,82.0,71.0,57.0,45.0,52.0
100.0,93.0,82.0,71.0,57.0,45.0,43.0,63.0
93.0,82.0,71.0,57.0,45.0,43.0,52.0,80.0
82.0,71.0,57.0,45.0,43.0,52.0,63.0,91.0
71.0,57.0,45.0,43.0,52.0,63.0,80.0,101.0
45.0,43.0,52.0,63.0,80.0,91.0,101.0,122.0
43.0,52.0,63.0,80.0,91.0,101.0,112.0,133.0
52.0,63.0,80.0,91.0,101.0,112.0,122.0,139.0
63.0,80.0,91.0,101.0,112.0,122.0,133.0,148.0
80.0,91.0,101.0,112.0,122.0,133.0,139.0,160.0
91.0,101.0,112.0,122.0,133.0,139.0,148.0,170.0
101.0,112.0,122.0,133.0,139.0,148.0,160.0,179.0
133.0,139.0,148.0,160.0,170.0,179.0,186.0,200.0
148.0,160.0,170.0,179.0,186.0,192.0,200.0,210.0
160.0,170.0,179.0,186.0,192.0,200.0,204.0,218.0
170.0,179.0,186.0,192.0,200.0,204.0,210.0,228.0
192.0,200.0,204.0,210.0,218.0,228.0,238.0,263.0
204.0,210.0,218.0,228.0,238.0,250.0,263.0,265.0
210.0,218.0,228.0,238.0,250.0,263.0,266.0,265.0
218.0,228.0,238.0,250.0,263.0,266.0,265.0,283.0
133.0,141.0,142.0,138.0,129.0,124.0,123.0,120.0
141.0,142.0,138.0,129.0,124.0,123.0,121.0,114.0
142.0,138.0,129.0,124.0,123.0,121.0,120.0,110.0
138.0,129.0,124.0,123.0,121.0,120.0,114.0,104.0
124.0,123.0,121.0,120.0,114.0,110.0,104.0,99.0
120.0,114.0,110.0,104.0,101.0,99.0,99.0,108.0
110.0,104.0,101.0,99.0,99.0,103.0,108.0,109.0
104.0,101.0,99.0,99.0,103.0,108.0,109.0,111.0
99.0,99.0,103.0,108.0,109.0,109.0,111.0,112.0
103.0,108.0,109.0,109.0,111.0,112.0,112.0,107.0
108.0,109.0,109.0,111.0,112.0,112.0,107.0,110.0
109.0,109.0,111.0,112.0,112.0,107.0,107.0,111.0
109.0,111.0,112.0,112.0,107.0,107.0,110.0,112.0
111.0,112.0,112.0,107.0,107.0,110.0,111.0,113.0
112.0,107.0,107.0,110.0,111.0,112.0,113.0,113.0
107.0,107.0,110.0,111.0,112.0,113.0,114.0,112.0
107.0,110.0,111.0,112.0,113.0,114.0,113.0,112.0
110.0,111.0,112.0,113.0,114.0,113.0,112.0,111.0
112.0,113.0,114.0,113.0,112.0,112.0,111.0,109.0
112.0,112.0,111.0,111.0,109.0,109.0,109.0,101.0
112.0,111.0,111.0,109.0,109.0,109.0,107.0,102.0
111.0,109.0,109.0,109.0,107.0,101.0,102.0,99.0
109.0,109.0,107.0,101.0,102.0,100.0,99.0,103.0
169.3,172.1,173.3,176.2,178.4,182.2,184.6,194.0
173.3,176.2,178.4,182.2,184.6,190.36363636363637,194.0,192.0
182.2,184.6,190.36363636363637,194.0,192.9090909090909,192.0,195.27272727272728,201.0
184.6,190.36363636363637,194.0,192.9090909090909,192.0,195.27272727272728,198.0,205.0
190.36363636363637,194.0,192.9090909090909,192.0,195.27272727272728,198.0,201.0,209.0
192.9090909090909,192.0,195.27272727272728,198.0,201.0,205.0,209.0,208.0
198.0,201.0,205.0,209.0,208.9090909090909,208.0,209.0,214.0
201.0,205.0,209.0,208.9090909090909,208.0,209.0,212.0,215.0
205.0,209.0,208.9090909090909,208.0,209.0,212.0,214.0,216.0
209.0,208.9090909090909,208.0,209.0,212.0,214.0,215.0,215.0
208.9090909090909,208.0,209.0,212.0,214.0,215.0,216.0,215.0
208.0,209.0,212.0,214.0,215.0,216.0,215.0,216.0
209.0,212.0,214.0,215.0,216.0,215.0,215.0,212.0
212.0,214.0,215.0,216.0,215.0,215.0,216.0,210.0
214.0,215.0,216.0,215.0,215.0,216.0,212.0,214.0
216.0,215.0,215.0,216.0,212.0,210.0,214.0,214.0
215.0,216.0,212.0,210.0,214.0,216.0,214.0,207.0
212.0,210.0,214.0,216.0,214.0,213.0,207.0,199.0
210.0,214.0,216.0,214.0,213.0,207.0,204.0,196.0
214.0,216.0,214.0,213.0,207.0,204.0,199.0,196.0
216.0,214.0,213.0,207.0,204.0,199.0,196.0,192.0
214.0,213.0,207.0,204.0,199.0,196.0,196.0,190.0
213.0,207.0,204.0,199.0,196.0,196.0,192.0,188.0
204.0,199.0,196.0,196.0,192.0,190.0,188.0,187.0
199.0,196.0,196.0,192.0,190.0,188.0,187.0,187.0
305.0,309.0,285.0,273.0,213.0,182.0,175.0,184.0
309.0,285.0,273.0,213.0,182.0,175.0,177.0,175.0
285.0,273.0,213.0,182.0,175.0,177.0,184.0,175.0
213.0,182.0,175.0,177.0,184.0,175.0,175.0,157.0
182.0,175.0,177.0,184.0,175.0,175.0,165.0,152.0
175.2,177.7,183.1,175.0,174.0,164.2,156.5,151.0
177.0,184.0,175.0,175.0,165.0,157.0,152.0,154.0
174.0,164.2,156.5,151.9090909090909,151.0,154.2,156.4,167.0
151.9090909090909,151.0,154.2,156.4,160.63636363636363,167.0,164.8,148.0
154.2,156.4,160.63636363636363,167.0,164.8,153.45454545454547,148.0,146.0
156.4,160.63636363636363,167.0,164.8,153.45454545454547,148.0,140.54545454545453,143.0
160.63636363636363,167.0,164.8,153.45454545454547,148.0,140.54545454545453,146.0,134.0
167.0,164.8,153.45454545454547,148.0,140.54545454545453,146.0,143.0,127.0
164.8,153.45454545454547,148.0,140.54545454545453,146.0,143.0,134.0,126.0
153.45454545454547,148.0,140.54545454545453,146.0,143.0,134.0,127.0,121.0
148.0,140.54545454545453,146.0,143.0,134.0,127.0,126.0,117.0
140.54545454545453,146.0,143.0,134.0,127.0,126.0,121.0,113.0
146.0,143.0,134.0,127.0,126.0,121.0,117.0,111.0
143.0,134.0,127.0,126.0,121.0,117.0,113.0,108.0
134.0,127.0,126.0,121.0,117.0,113.0,111.0,104.0
126.0,121.0,117.0,113.0,111.0,108.0,104.0,97.0
121.0,117.0,113.0,111.0,108.0,104.0,101.0,93.0
117.0,113.0,111.0,108.0,104.0,101.0,97.0,91.0
113.0,111.0,108.0,104.0,101.0,97.0,93.0,89.0
108.0,104.0,101.0,97.0,93.0,91.0,89.0,81.0
104.0,101.0,97.0,93.0,91.0,89.0,89.0,71.0
122.0,123.0,128.0,130.0,129.0,124.0,117.0,108.0
123.0,128.0,130.0,129.0,124.0,117.0,110.0,103.0
128.0,130.0,129.0,124.0,117.0,110.0,108.0,97.0
130.0,129.0,124.0,117.0,110.0,108.0,103.0,94.0
129.0,124.0,117.0,110.0,108.0,103.0,97.0,91.0
110.0,108.0,103.0,97.0,94.0,91.0,90.0,100.0
108.0,103.0,97.0,94.0,91.0,90.0,93.0,110.0
103.0,97.0,94.0,91.0,90.0,93.0,100.0,119.0
97.0,94.0,91.0,90.0,93.0,100.0,110.0,126.0
94.0,91.0,90.0,93.0,100.0,110.0,119.0,141.0
90.0,93.0,100.0,110.0,119.0,126.0,141.0,162.0
100.0,110.0,119.0,126.0,141.0,148.0,162.0,189.0
119.0,126.0,141.0,148.0,162.0,176.0,189.0,205.0
126.0,141.0,148.0,162.0,176.0,189.0,199.0,210.0
141.0,148.0,162.0,176.0,189.0,199.0,205.0,211.0
148.0,162.0,176.0,189.0,199.0,205.0,210.0,210.0
162.0,176.0,189.0,199.0,205.0,210.0,211.0,206.0
176.0,189.0,199.0,205.0,210.0,211.0,210.0,198.0
189.0,199.0,205.0,210.0,211.0,210.0,206.0,190.0
199.0,205.0,210.0,211.0,210.0,206.0,198.0,181.0
205.0,210.0,211.0,210.0,206.0,198.0,190.0,174.0
210.1,210.9,209.6,205.2,197.2,189.1,180.3,164.0
211.0,210.0,206.0,198.0,190.0,181.0,174.0,157.0
205.2,197.2,189.1,180.3,173.0909090909091,164.0,156.6,147.0
197.2,189.1,180.3,173.0909090909091,164.0,156.6,152.45454545454547,140.0
173.0909090909091,164.0,156.6,152.45454545454547,147.0,140.0,139.0909090909091,146.0
164.0,156.6,152.45454545454547,147.0,140.0,139.0909090909091,140.0,145.0
100.0,100.0,111.0,124.1,126.36363636363636,140.0,151.63636363636363,168.0
100.0,111.0,124.1,126.36363636363636,140.0,151.63636363636363,158.0,185.0
224.0,245.0,253.0,259.0,267.0,272.0,281.0,281.0
253.0,259.0,267.0,272.0,281.0,280.0,281.0,286.0
259.0,267.0,272.0,281.0,280.0,281.0,284.0,268.0
267.0,272.0,281.0,280.0,281.0,284.0,286.0,243.0
272.0,281.0,280.0,281.0,284.0,286.0,268.0,223.0
281.0,284.0,286.0,268.0,243.0,223.0,206.0,192.0
284.0,286.0,268.0,243.0,223.0,206.0,196.0,190.0
286.0,268.0,243.0,223.0,206.0,196.0,192.0,191.0
268.0,243.0,223.0,206.0,196.0,192.0,190.0,189.0
243.0,223.0,206.0,196.0,192.0,190.0,191.0,181.0
223.0,206.0,196.0,192.0,190.0,191.0,189.0,170.0
206.0,196.0,192.0,190.0,191.0,189.0,181.0,158.0
196.0,192.0,190.0,191.0,189.0,181.0,170.0,150.0
190.0,191.0,189.0,181.0,170.0,158.0,150.0,142.0
191.0,189.0,181.0,170.0,158.0,150.0,143.0,141.0
189.0,181.0,170.0,158.0,150.0,143.0,142.0,138.0
170.0,158.0,150.0,143.0,142.0,141.0,138.0,128.0
150.0,143.0,142.0,141.0,138.0,135.0,128.0,129.0
211.0,212.0,209.0,206.0,205.0,202.0,194.0,206.0
209.0,206.0,205.0,202.0,194.0,205.0,206.0,202.0
206.0,205.0,202.0,194.0,205.0,206.0,203.0,201.0
194.0,205.0,206.0,203.0,202.0,201.0,202.0,180.0
205.0,206.0,203.0,202.0,201.0,202.0,201.0,179.0
206.0,203.0,202.0,201.0,202.0,201.0,180.0,171.0
201.0,202.0,201.0,180.0,179.0,171.0,153.0,150.0
202.0,201.0,180.0,179.0,171.0,153.0,155.0,143.0
201.0,180.0,179.0,171.0,153.0,155.0,150.0,142.0
180.0,179.0,171.0,153.0,155.0,150.0,143.0,158.0
171.0,153.0,155.0,150.0,143.0,142.0,158.0,153.0
153.0,155.0,150.0,143.0,142.0,158.0,161.0,154.0
155.0,150.0,143.0,142.0,158.0,161.0,153.0,148.0
150.0,143.0,142.0,158.0,161.0,153.0,154.0,142.0
158.0,161.0,153.0,154.0,148.0,142.0,141.0,144.0
142.0,141.0,143.0,144.0,141.0,141.0,139.0,133.0
143.0,144.0,141.0,141.0,139.0,135.0,133.0,130.0
141.0,141.0,139.0,135.0,133.0,132.0,130.0,124.0
141.0,139.0,135.0,133.0,132.0,130.0,126.0,122.0
139.0,135.0,133.0,132.0,130.0,126.0,124.0,120.0
135.0,133.0,132.0,130.0,126.0,124.0,122.0,118.0
86.0,83.0,81.0,80.0,80.0,74.0,73.0,69.0
83.0,81.0,80.0,80.0,74.0,73.0,71.0,64.0
80.0,80.0,74.0,73.0,71.0,69.0,64.0,70.0
74.0,73.0,71.0,69.0,64.0,63.0,70.0,78.0
70.8,68.5,63.9,63.7,70.7,77.1,77.9090909090909,75.0
63.7,70.7,77.1,77.9090909090909,77.0,75.0,78.36363636363636,84.0
77.1,77.9090909090909,77.0,75.0,78.36363636363636,82.0,84.0,85.0
77.9090909090909,77.0,75.0,78.36363636363636,82.0,84.0,85.0,84.0
75.0,78.36363636363636,82.0,84.0,85.0,85.0,84.0,69.0
78.36363636363636,82.0,84.0,85.0,85.0,84.0,77.0,72.0
82.0,84.0,85.0,85.0,84.0,77.0,69.0,69.0
85.0,85.0,84.0,77.0,69.0,72.0,69.0,83.0
85.0,84.0,77.0,69.0,72.0,69.0,74.0,91.0
84.0,77.0,69.0,72.0,69.0,74.0,83.0,95.0
77.0,69.0,72.0,69.0,74.0,83.0,91.0,97.0
69.0,72.0,69.0,74.0,83.0,91.0,95.0,97.0
72.0,69.0,74.0,83.0,91.0,95.0,97.0,92.0
69.0,74.0,83.0,91.0,95.0,97.0,97.0,89.0
74.0,83.0,91.0,95.0,97.0,97.0,92.0,87.0
83.0,91.0,95.0,97.0,97.0,92.0,89.0,88.0
95.0,97.0,97.0,92.0,89.0,87.0,88.0,70.0
97.0,97.0,92.0,89.0,87.0,88.0,84.0,69.0
97.0,92.0,89.0,87.0,88.0,84.0,70.0,68.0
89.0,87.0,88.0,84.0,70.0,69.0,68.0,93.0
225.0,239.0,241.0,246.0,237.0,227.0,226.0,219.0
239.0,241.0,246.0,237.0,227.0,226.0,222.0,213.0
241.0,246.0,237.0,227.0,226.0,222.0,219.0,206.0
246.0,237.0,227.0,226.0,222.0,219.0,213.0,208.0
237.0,227.0,226.0,222.0,219.0,213.0,206.0,199.0
227.0,226.0,222.0,219.0,213.0,206.0,208.0,197.0
226.0,222.0,219.0,213.0,206.0,208.0,199.0,211.0
222.0,219.0,213.0,206.0,208.0,199.0,197.0,205.0
219.0,213.0,206.0,208.0,199.0,197.0,211.0,205.0
213.0,206.0,208.0,199.0,197.0,211.0,205.0,199.0
206.0,208.0,199.0,197.0,211.0,205.0,205.0,195.0
199.0,197.0,211.0,205.0,205.0,199.0,195.0,188.0
197.0,211.0,205.0,205.0,199.0,195.0,195.0,183.0
211.0,205.0,205.0,199.0,195.0,195.0,188.0,179.0
205.0,205.0,199.0,195.0,195.0,188.0,183.0,175.0
199.0,195.0,195.0,188.0,183.0,179.0,175.0,169.0
195.0,195.0,188.0,183.0,179.0,175.0,172.0,165.0
188.0,183.0,179.0,175.0,172.0,169.0,165.0,161.0
179.0,175.0,172.0,169.0,165.0,163.0,161.0,143.0
175.0,172.0,169.0,165.0,163.0,161.0,156.0,141.0
169.0,165.0,163.0,161.0,156.0,143.0,141.0,144.0
165.0,163.0,161.0,156.0,143.0,141.0,149.0,129.0
163.0,161.0,156.0,143.0,141.0,149.0,144.0,123.0
141.0,149.0,144.0,129.0,123.0,122.0,127.0,124.0
149.0,144.0,129.0,123.0,122.0,127.0,127.0,121.0
144.0,129.0,123.0,122.0,127.0,127.0,124.0,117.0
129.0,123.0,122.0,127.0,127.0,124.0,121.0,109.0
123.0,122.0,127.0,127.0,124.0,121.0,117.0,104.0
234.0,237.0,239.0,244.0,247.0,249.0,262.0,282.0
237.0,239.0,244.0,247.0,249.0,262.0,281.0,283.0
244.0,247.0,249.0,262.0,281.0,282.0,283.0,277.0
247.0,249.0,262.0,281.0,282.0,283.0,279.0,275.0
249.0,262.0,281.0,282.0,283.0,279.0,277.0,259.0
262.0,281.0,282.0,283.0,279.0,277.0,275.0,243.0
279.0,277.0,275.0,259.0,243.0,229.0,225.0,202.0
277.0,275.0,259.0,243.0,229.0,225.0,215.0,190.0
259.0,243.0,229.0,225.0,215.0,202.0,190.0,176.0
184.54545454545453,176.0,172.0,169.0,165.0,161.0,160.0,154.0
176.0,172.0,169.0,165.0,161.0,160.0,151.0,155.0
172.0,169.0,165.0,161.0,160.0,151.0,154.0,152.0
169.0,165.0,161.0,160.0,151.0,154.0,155.0,150.0
165.0,161.0,160.0,151.0,154.0,155.0,152.0,147.0
161.0,160.0,151.0,154.0,155.0,152.0,150.0,147.0
151.0,154.0,155.0,152.0,150.0,147.0,147.0,135.0
155.0,152.0,150.0,147.0,147.0,137.0,135.0,129.0
152.0,150.0,147.0,147.0,137.0,135.0,125.0,131.0
150.0,147.0,147.0,137.0,135.0,125.0,129.0,128.0
147.0,147.0,137.0,135.0,125.0,129.0,131.0,129.0
147.0,137.0,135.0,125.0,129.0,131.0,128.0,125.0
137.0,135.0,125.0,129.0,131.0,128.0,129.0,109.0
158.4,152.2,144.54545454545453,140.0,131.0,125.0,121.18181818181819,111.0
140.0,131.0,125.0,121.18181818181819,113.0,111.0,107.0,81.0
131.0,125.0,121.18181818181819,113.0,111.0,107.0,91.9090909090909,87.0
125.0,121.18181818181819,113.0,111.0,107.0,91.9090909090909,81.0,84.0
121.18181818181819,113.0,111.0,107.0,91.9090909090909,81.0,87.0,81.0
113.0,111.0,107.0,91.9090909090909,81.0,87.0,84.0,78.0
111.0,107.0,91.9090909090909,81.0,87.0,84.0,81.0,70.0
91.9090909090909,81.0,87.0,84.0,81.0,78.0,70.0,70.0
81.0,87.0,84.0,81.0,78.0,70.0,69.0,60.0
84.0,81.0,78.0,70.0,69.0,70.0,60.0,99.0
78.0,70.0,69.0,70.0,60.0,74.0,99.0,138.0
70.0,69.0,70.0,60.0,74.0,99.0,120.0,133.0
60.0,74.0,99.0,120.0,138.0,133.0,132.0,156.0
74.0,99.0,120.0,138.0,133.0,132.0,151.0,158.0
99.0,120.0,138.0,133.0,132.0,151.0,156.0,159.0
120.0,138.0,133.0,132.0,151.0,156.0,158.0,155.0
138.0,133.0,132.0,151.0,156.0,158.0,159.0,153.0
133.0,132.0,151.0,156.0,158.0,159.0,155.0,149.0
132.0,151.0,156.0,158.0,159.0,155.0,153.0,146.0
156.0,158.0,159.0,155.0,153.0,149.0,146.0,138.0
155.0,153.0,149.0,146.0,144.0,138.0,136.0,121.0
146.0,144.0,138.0,136.0,115.0,121.0,130.0,115.0
144.0,138.0,136.0,115.0,121.0,130.0,115.0,109.0
138.0,136.0,115.0,121.0,130.0,115.0,115.0,104.0
203.0,203.0,202.8,201.5,205.4,199.7,198.0,207.0
203.0,203.0,201.0,206.0,200.0,197.0,207.0,207.0
201.5,205.4,199.7,198.0,207.0,207.0,207.27272727272728,180.0
205.4,199.7,198.0,207.0,207.0,207.27272727272728,210.0,180.0
207.0,207.0,207.27272727272728,210.0,180.0,180.0,187.2,169.0
207.27272727272728,210.0,180.0,180.0,187.2,187.1818181818182,169.0,168.0
180.0,180.0,187.2,187.1818181818182,169.0,156.0,168.0,169.0
180.0,187.2,187.1818181818182,169.0,156.0,168.0,165.36363636363637,176.0
169.0,156.0,168.0,165.36363636363637,169.0,176.0,165.72727272727272,159.0
156.0,168.0,165.36363636363637,169.0,176.0,165.72727272727272,163.0,149.0
168.0,165.36363636363637,169.0,176.0,165.72727272727272,163.0,159.0,129.0
169.0,176.0,165.72727272727272,163.0,159.0,149.0,129.0,148.0
176.0,165.72727272727272,163.0,159.0,149.0,129.0,139.0,141.0
165.72727272727272,163.0,159.0,149.0,129.0,139.0,148.0,157.0
159.0,149.0,129.0,139.0,148.0,141.0,157.0,150.0
129.0,139.0,148.0,141.0,157.0,155.0,150.0,157.0
148.0,141.0,157.0,155.0,150.0,158.0,157.0,146.0
141.0,157.0,155.0,150.0,158.0,157.0,145.0,146.0
157.0,155.0,150.0,158.0,157.0,145.0,146.0,148.0
155.0,150.0,158.0,157.0,145.0,146.0,146.0,151.0
150.0,158.0,157.0,145.0,146.0,146.0,148.0,156.0
157.0,145.0,146.0,146.0,148.0,151.0,156.0,153.0
145.0,146.0,146.0,148.0,151.0,156.0,161.0,154.0
146.0,146.0,148.0,151.0,156.0,161.0,153.0,166.0
127.0,138.0,148.0,155.0,159.0,159.0,141.0,155.0
138.0,148.0,155.0,159.0,159.0,141.0,131.0,157.0
148.0,155.0,159.0,159.0,141.0,131.0,155.0,155.0
155.0,159.0,159.0,141.0,131.0,155.0,157.0,153.0
159.0,159.0,141.0,131.0,155.0,157.0,155.0,147.0
159.0,141.0,131.0,155.0,157.0,155.0,153.0,130.0
141.0,131.0,155.0,157.0,155.0,153.0,147.0,122.0
131.0,155.0,157.0,155.0,153.0,147.0,130.0,139.0
155.0,157.0,155.0,153.0,147.0,130.0,122.0,139.0
157.0,155.0,153.0,147.0,130.0,122.0,139.0,136.0
155.0,153.0,147.0,130.0,122.0,139.0,139.0,133.0
153.0,147.0,130.0,122.0,139.0,139.0,136.0,122.0
147.0,130.0,122.0,139.0,139.0,136.0,133.0,110.0
130.0,122.0,139.0,139.0,136.0,133.0,122.0,109.0
122.0,139.0,139.0,136.0,133.0,122.0,110.0,93.0
139.0,139.0,136.0,133.0,122.0,110.0,109.0,90.0
139.0,136.0,133.0,122.0,110.0,109.0,93.0,88.0
136.0,133.0,122.0,110.0,109.0,93.0,90.0,99.0
110.0,109.0,93.0,90.0,88.0,99.0,93.0,87.0
109.0,93.0,90.0,88.0,99.0,93.0,96.0,79.0
93.0,90.0,88.0,99.0,93.0,96.0,87.0,75.0
90.0,88.0,99.0,93.0,96.0,87.0,79.0,79.0
88.0,99.0,93.0,96.0,87.0,79.0,75.0,75.0
99.0,93.0,96.0,87.0,79.0,75.0,79.0,74.0
93.0,96.0,87.0,79.0,75.0,79.0,75.0,82.0
96.0,87.0,79.0,75.0,79.0,75.0,74.0,99.0
87.0,79.0,75.0,79.0,75.0,74.0,82.0,118.0
79.0,75.0,79.0,75.0,74.0,82.0,99.0,135.0
75.0,79.0,75.0,74.0,82.0,99.0,118.0,134.0
75.0,74.0,82.0,99.0,118.0,135.0,134.0,129.0
74.0,82.0,99.0,118.0,135.0,134.0,134.0,118.0
135.0,150.0,162.0,176.0,178.0,172.0,162.0,141.0
150.0,162.0,176.0,178.0,172.0,162.0,144.0,139.0
162.0,176.0,178.0,172.0,162.0,144.0,141.0,151.0
176.0,178.0,172.0,162.0,144.0,141.0,139.0,162.0
178.0,172.0,162.0,144.0,141.0,139.0,151.0,179.0
172.0,162.0,144.0,141.0,139.0,151.0,162.0,190.0
162.0,144.0,141.0,139.0,151.0,162.0,179.0,185.0
141.0,139.0,151.0,162.0,179.0,190.0,185.0,183.0
139.0,151.0,162.0,179.0,190.0,185.0,184.0,191.0
151.0,162.0,179.0,190.0,185.0,184.0,183.0,198.0
179.0,190.0,185.0,184.0,183.0,191.0,198.0,203.0
190.0,185.0,184.0,183.0,191.0,198.0,205.0,199.0
185.0,184.0,183.0,191.0,198.0,205.0,203.0,203.0
184.0,183.0,191.0,198.0,205.0,203.0,199.0,216.0
198.0,205.0,203.0,199.0,203.0,216.0,213.0,208.0
205.0,203.0,199.0,203.0,216.0,213.0,207.0,204.0
203.0,199.0,203.0,216.0,213.0,207.0,208.0,197.0
199.0,203.0,216.0,213.0,207.0,208.0,204.0,202.0
203.0,216.0,213.0,207.0,208.0,204.0,197.0,205.0
216.0,213.0,207.0,208.0,204.0,197.0,202.0,204.0
213.0,207.0,208.0,204.0,197.0,202.0,205.0,215.0
203.3,197.5,202.3,204.9,205.1,215.0,214.2,211.0
197.0,202.0,205.0,204.0,215.0,215.0,207.0,212.0
215.0,214.2,207.36363636363637,211.0,210.54545454545453,196.0,186.6,156.0
214.2,207.36363636363637,211.0,210.54545454545453,196.0,186.6,172.36363636363637,143.0
207.36363636363637,211.0,210.54545454545453,196.0,186.6,172.36363636363637,156.0,121.0
211.0,210.54545454545453,196.0,186.6,172.36363636363637,156.0,143.0,104.0
208.0,193.0,174.0,158.0,158.0,173.0,200.0,210.0
193.0,174.0,158.0,158.0,173.0,200.0,200.0,207.0
