145.0,144.0,143.0,145.0,129.0,108.0,101.0,100.0
144.0,143.0,145.0,129.0,108.0,101.0,101.0,100.0
143.0,145.0,129.0,108.0,101.0,101.0,100.0,100.0
129.0,108.0,101.0,101.0,100.0,100.0,100.0,102.0
108.0,101.0,101.0,100.0,100.0,100.0,101.0,103.0
101.0,101.0,100.0,100.0,100.0,101.0,102.0,103.0
101.0,100.0,100.0,100.0,101.0,102.0,103.0,102.0
100.0,100.0,100.1,101.1,102.1,103.0,102.9,100.0
100.0,100.0,101.0,102.0,103.0,103.0,102.0,99.0
102.9,101.81818181818181,100.0,99.0,99.2,101.2,102.9,100.0
101.81818181818181,100.0,99.0,99.2,101.2,102.9,101.81818181818181,99.0
100.0,99.0,99.2,101.2,102.9,101.81818181818181,100.0,97.0
99.2,101.2,102.9,101.81818181818181,100.0,99.0,97.0,87.0
100.0,99.0,97.0,90.63636363636364,87.0,86.0,83.0,74.0
99.0,97.0,90.63636363636364,87.0,86.0,83.0,79.45454545454545,73.0
97.0,90.63636363636364,87.0,86.0,83.0,79.45454545454545,74.0,71.0
87.0,86.0,83.0,79.45454545454545,74.0,73.0,71.0,68.0
79.45454545454545,74.0,73.0,71.0,68.0,68.0,68.0,103.0
74.0,73.0,71.0,68.0,68.0,68.0,86.0,118.0
73.0,71.0,68.0,68.0,68.0,86.0,103.0,121.0
71.0,68.0,68.0,68.0,86.0,103.0,118.0,123.0
68.0,68.0,86.0,103.0,118.0,121.0,123.0,112.0
100.0,98.0,96.0,92.0,88.0,86.0,85.0,86.0
98.0,96.0,92.0,88.0,86.0,85.0,85.0,87.0
96.0,92.0,88.0,86.0,85.0,85.0,86.0,88.0
92.0,88.0,86.0,85.0,85.0,86.0,87.0,90.0
88.0,86.0,85.0,85.0,86.0,87.0,88.0,90.0
86.0,85.0,85.0,86.0,87.0,88.0,90.0,90.0
85.0,86.0,87.0,88.0,90.0,90.0,90.0,92.0
87.0,88.0,90.0,90.0,90.0,91.0,92.0,93.0
90.0,90.0,90.0,91.0,92.0,93.0,93.0,94.0
90.0,90.0,91.0,92.0,93.0,93.0,94.0,95.0
90.0,91.0,92.0,93.0,93.0,94.0,94.0,95.0
91.0,92.0,93.0,93.0,94.0,94.0,95.0,96.0
92.0,93.0,93.0,94.0,94.0,95.0,95.0,98.0
93.0,93.1,94.0,94.1,95.0,95.1,96.2,98.0
98.0,99.0,98.9,98.0,97.9,96.8,94.9,93.0
97.9,96.8,94.9,93.9090909090909,93.0,94.0,95.0,96.0
94.9,93.9090909090909,93.0,94.0,95.0,95.0909090909091,96.0,96.0
93.9090909090909,93.0,94.0,95.0,95.0909090909091,96.0,96.9090909090909,95.0
93.0,94.0,95.0,95.0909090909091,96.0,96.9090909090909,96.0,95.0
94.0,95.0,95.0909090909091,96.0,96.9090909090909,96.0,95.0,96.0
95.0,95.0909090909091,96.0,96.9090909090909,96.0,95.0,95.0,97.0
95.0909090909091,96.0,96.9090909090909,96.0,95.0,95.0,96.0,98.0
157.0,145.0,138.0,132.0,129.0,126.0,125.0,121.0
138.0,132.0,129.0,126.0,125.0,123.0,121.0,118.0
132.0,129.0,126.0,125.0,123.0,121.0,118.0,118.0
129.0,126.0,125.0,123.0,121.0,118.0,118.0,117.0
126.0,125.0,123.0,121.0,118.0,118.0,118.0,122.0
118.0,118.0,118.0,117.0,122.0,123.0,127.0,123.0
122.0,123.0,127.0,126.0,123.0,120.0,122.0,117.0
123.0,127.0,126.0,123.0,120.0,122.0,122.0,110.0
127.0,126.0,123.0,120.0,122.0,122.0,117.0,108.0
126.0,123.0,120.0,122.0,122.0,117.0,110.0,111.0
123.0,120.0,122.0,122.0,117.0,110.0,108.0,107.0
120.0,122.0,122.0,117.0,110.0,108.0,111.0,109.0
122.0,122.0,117.0,110.0,108.0,111.0,107.0,108.0
122.0,117.0,110.0,108.0,111.0,107.0,109.0,107.0
110.0,108.0,111.0,107.0,109.0,108.0,107.0,106.0
108.0,111.0,107.0,109.0,108.0,107.0,107.0,105.0
111.0,107.0,109.0,108.0,107.0,107.0,106.0,102.0
109.0,108.0,107.0,107.0,106.0,105.0,102.0,93.0
108.0,107.0,107.0,106.0,105.0,102.0,97.0,101.0
107.0,107.0,106.0,105.0,102.0,97.0,93.0,103.0
107.0,106.0,105.0,102.0,97.0,93.0,101.0,105.0
105.0,102.0,97.0,93.0,101.0,103.0,105.0,103.0
102.0,97.0,93.0,101.0,103.0,105.0,103.0,104.0
97.0,93.0,101.0,103.0,105.0,103.0,103.0,107.0
93.0,101.0,103.0,105.0,103.0,103.0,104.0,108.0
101.0,103.0,105.0,103.0,103.0,104.0,107.0,114.0
137.0,134.0,134.0,139.0,147.0,152.0,153.0,154.0
134.0,139.0,147.0,152.0,153.0,155.0,154.0,155.0
139.0,147.0,152.0,153.0,155.0,154.0,155.0,156.0
152.0,153.0,155.0,154.0,155.0,155.0,156.0,157.0
155.0,154.0,155.0,155.0,156.0,156.0,157.0,156.0
154.0,155.0,155.0,156.0,156.0,157.0,156.0,156.0
155.0,155.0,156.0,156.0,157.0,156.0,156.0,156.0
155.0,156.0,156.0,157.0,156.0,156.0,156.0,154.0
156.0,157.0,156.0,156.0,156.0,156.0,154.0,150.0
157.0,156.0,156.0,156.0,156.0,154.0,152.0,150.0
156.0,156.0,156.0,154.0,152.0,150.0,150.0,148.0
156.0,156.0,154.0,152.0,150.0,150.0,150.0,147.0
156.0,154.0,152.0,150.0,150.0,150.0,148.0,148.0
154.0,152.0,150.0,150.0,150.0,148.0,147.0,149.0
150.0,150.0,150.0,148.0,147.0,148.0,149.0,150.0
150.0,150.0,148.0,147.0,148.0,149.0,151.0,147.0
150.0,148.0,147.0,148.0,149.0,151.0,150.0,143.0
148.0,147.0,148.0,149.0,151.0,150.0,147.0,144.0
148.0,149.0,151.0,150.0,147.0,143.0,144.0,144.0
149.0,151.0,150.0,147.0,143.0,144.0,144.0,145.0
151.0,150.0,147.0,143.0,144.0,144.0,144.0,143.0
150.0,147.0,143.0,144.0,144.0,144.0,145.0,141.0
147.0,143.0,144.0,144.0,144.0,145.0,143.0,140.0
143.0,144.0,144.0,144.0,145.0,143.0,141.0,138.0
97.0,101.0,104.0,106.0,107.0,109.0,115.0,117.0
101.0,104.0,106.0,107.0,109.0,115.0,116.0,113.0
104.0,106.0,107.0,109.0,115.0,116.0,117.0,112.0
107.0,109.0,115.0,116.0,117.0,113.0,112.0,111.0
109.0,115.0,116.0,117.0,113.0,112.0,112.0,110.0
115.0,116.0,117.0,113.0,112.0,112.0,111.0,108.0
113.0,112.0,112.0,111.0,110.0,108.0,104.0,97.0
112.0,112.0,111.0,110.0,108.0,104.0,100.0,96.0
111.0,110.0,108.0,104.0,100.0,97.0,96.0,97.0
104.0,100.0,97.0,96.0,96.0,97.0,98.0,100.0
100.0,97.0,96.0,96.0,97.0,98.0,99.0,101.0
96.0,97.0,98.0,99.0,100.0,101.0,102.0,103.0
99.0,100.0,101.0,102.0,103.0,103.0,104.0,106.0
100.0,101.0,102.0,103.0,103.0,104.0,106.0,105.0
101.0,102.0,103.0,103.0,104.0,106.0,106.0,105.0
102.0,103.0,103.0,104.0,106.0,106.0,105.0,106.0
103.0,103.0,104.0,106.0,106.0,105.0,105.0,108.0
103.0,104.0,106.0,106.0,105.0,105.0,106.0,109.0
104.0,106.0,106.0,105.0,105.0,106.0,108.0,111.0
106.0,106.0,105.0,105.0,106.0,108.0,109.0,112.0
106.0,105.0,105.0,106.0,108.0,109.0,111.0,114.0
105.0,106.0,108.0,109.0,111.0,112.0,114.0,114.0
106.0,108.0,109.0,111.0,112.0,114.0,115.0,114.0
109.0,111.0,112.0,114.0,115.0,114.0,114.0,117.0
212.0,210.0,208.0,204.0,200.0,196.0,191.0,180.0
210.0,208.0,204.0,200.0,196.0,191.0,188.0,170.0
208.0,204.0,200.0,196.0,191.0,188.0,180.0,166.0
204.0,200.0,196.0,191.0,188.0,180.0,170.0,162.0
188.0,180.0,170.0,166.0,162.0,158.0,154.0,149.0
180.0,170.0,166.0,162.0,158.0,154.0,152.0,146.0
162.0,158.0,154.0,152.0,149.0,146.0,143.0,136.0
158.0,154.0,152.0,149.0,146.0,143.0,139.0,133.0
154.0,152.0,149.0,146.0,143.0,139.0,136.0,130.0
152.0,149.0,146.0,143.0,139.0,136.0,133.0,128.0
143.0,139.0,136.0,133.0,130.0,128.0,126.0,125.0
139.0,136.0,133.0,130.0,128.0,126.0,126.0,125.0
136.0,133.0,130.0,128.0,126.0,126.0,125.0,124.0
130.0,128.0,126.0,126.0,125.0,125.0,124.0,124.0
128.0,126.0,126.0,125.0,125.0,124.0,124.0,124.0
126.0,126.0,125.0,125.0,124.0,124.0,124.0,121.0
126.0,125.0,125.0,124.0,124.0,124.0,124.0,119.0
125.0,125.0,124.0,124.0,124.0,124.0,121.0,118.0
125.0,124.0,124.0,124.0,124.0,121.0,119.0,119.0
124.0,124.0,124.0,124.0,121.0,119.0,118.0,119.0
124.0,124.0,124.0,121.0,119.0,118.0,119.0,118.0
124.0,123.7,120.8,118.9,118.1,119.0,118.9,118.0
123.7,120.8,118.9,118.1,119.0,118.9,118.0,119.0
118.1,119.0,118.9,118.0,118.0,119.0,119.0,120.0
118.9,118.0,118.0,119.0,119.0,120.0,120.0,118.0
149.0,147.0,140.0,137.0,138.0,136.0,132.0,129.0
147.0,140.0,137.0,138.0,136.0,132.0,131.0,128.0
140.0,137.0,138.0,136.0,132.0,131.0,129.0,126.0
137.0,138.0,136.0,132.0,131.0,129.0,128.0,125.0
138.0,136.0,132.0,131.0,129.0,128.0,126.0,118.0
136.0,132.0,131.0,129.0,128.0,126.0,125.0,117.0
132.0,131.0,129.0,128.0,126.0,125.0,118.0,118.0
129.0,128.0,126.0,125.0,118.0,117.0,118.0,115.0
128.0,126.0,125.0,118.0,117.0,118.0,117.0,115.0
126.0,125.0,118.0,117.0,118.0,117.0,115.0,127.0
125.0,118.0,117.0,118.0,117.0,115.0,115.0,129.0
117.0,118.0,117.0,115.0,115.0,127.0,129.0,132.0
118.0,117.0,115.0,115.0,127.0,129.0,131.0,132.0
117.0,115.0,115.0,127.0,129.0,131.0,132.0,133.0
115.0,115.0,127.0,129.0,131.0,132.0,132.0,136.0
115.0,127.0,129.0,131.0,132.0,132.0,133.0,142.0
127.0,129.0,131.0,132.0,132.0,133.0,136.0,144.0
131.0,132.0,132.0,133.0,136.0,142.0,144.0,145.0
132.0,133.0,136.0,142.0,144.0,145.0,145.0,148.0
136.0,142.0,144.0,145.0,145.0,147.0,148.0,158.0
142.0,144.0,145.0,145.0,147.0,148.0,155.0,157.0
144.0,145.0,145.0,147.0,148.0,155.0,158.0,157.0
145.0,145.0,147.0,148.0,155.0,158.0,157.0,161.0
145.0,147.0,148.0,155.0,158.0,157.0,157.0,164.0
147.0,148.0,155.0,158.0,157.0,157.0,161.0,167.0
155.0,158.0,157.0,157.0,161.0,164.0,167.0,169.0
158.0,157.0,157.0,161.0,164.0,167.0,168.0,170.0
157.0,157.0,161.0,164.0,167.0,168.0,169.0,171.0
157.0,161.0,164.0,167.0,168.0,169.0,170.0,170.0
136.0,136.0,136.0,136.0,133.0,113.0,114.0,111.0
136.0,136.0,136.0,133.0,113.0,114.0,112.0,110.0
136.0,136.0,133.0,113.0,114.0,112.0,111.0,110.0
113.0,114.0,112.0,111.0,110.0,110.0,110.0,108.0
114.0,112.0,111.0,110.0,110.0,110.0,109.0,108.0
112.0,111.0,110.0,110.0,110.0,109.0,108.0,108.0
111.0,110.0,110.0,110.0,109.0,108.0,108.0,107.0
110.0,110.0,110.0,109.0,108.0,108.0,108.0,102.0
109.9,108.9,108.0,108.0,107.9,106.5,102.0,116.0
109.0,108.0,108.0,108.0,107.0,102.0,102.0,129.0
108.0,108.0,107.9,106.5,102.0,103.27272727272727,116.0,135.0
108.0,107.9,106.5,102.0,103.27272727272727,116.0,129.54545454545453,138.0
102.0,103.27272727272727,116.0,129.54545454545453,135.0,138.0,140.3,144.0
129.54545454545453,135.0,138.0,140.3,143.0909090909091,144.0,140.54545454545453,135.0
138.0,140.3,143.0909090909091,144.0,140.54545454545453,136.0,135.0,130.0
140.3,143.0909090909091,144.0,140.54545454545453,136.0,135.0,132.0,128.0
144.0,140.54545454545453,136.0,135.0,132.0,130.0,128.0,127.0
140.54545454545453,136.0,135.0,132.0,130.0,128.0,127.0,125.0
136.0,135.0,132.0,130.0,128.0,127.0,127.0,123.0
132.0,130.0,128.0,127.0,127.0,125.0,123.0,118.0
130.0,128.0,127.0,127.0,125.0,123.0,120.0,118.0
128.0,127.0,127.0,125.0,123.0,120.0,118.0,116.0
127.0,127.0,125.0,123.0,120.0,118.0,118.0,115.0
123.0,120.0,118.0,118.0,116.0,115.0,116.0,116.0
153.0,144.0,136.0,131.0,116.0,104.0,99.0,82.0
144.0,136.0,131.0,116.0,104.0,99.0,97.0,68.0
131.0,116.0,104.0,99.0,97.0,82.0,68.0,84.0
104.0,99.0,97.0,82.0,68.0,67.0,84.0,115.0
97.0,82.0,68.0,67.0,84.0,104.0,115.0,117.0
82.0,68.0,67.0,84.0,104.0,115.0,117.0,116.0
68.0,67.0,84.0,104.0,115.0,117.0,117.0,117.0
84.0,104.0,115.0,117.0,117.0,116.0,117.0,120.0
115.0,117.0,117.0,116.0,117.0,119.0,120.0,122.0
117.0,117.0,116.0,117.0,119.0,120.0,120.0,122.0
117.0,116.0,117.0,119.0,120.0,120.0,122.0,125.0
116.0,117.0,119.0,120.0,120.0,122.0,122.0,127.0
117.0,119.0,120.0,120.0,122.0,122.0,125.0,132.0
120.0,120.0,122.0,122.0,125.0,127.0,132.0,141.0
120.0,122.0,122.0,125.0,127.0,132.0,137.0,143.0
122.0,122.0,125.0,127.0,132.0,137.0,141.0,137.0
122.0,125.0,127.0,132.0,137.0,141.0,143.0,133.0
125.0,127.0,132.0,137.0,141.0,143.0,137.0,132.0
127.0,132.0,137.0,141.0,143.0,137.0,133.0,133.0
132.0,137.0,141.0,143.0,137.0,133.0,132.0,136.0
141.0,143.0,137.0,133.0,132.0,133.0,136.0,152.0
143.0,137.0,133.0,132.0,133.0,136.0,148.0,154.0
133.0,132.0,133.0,136.0,148.0,152.0,154.0,157.0
132.0,133.0,136.0,148.0,152.0,154.0,155.0,159.0
133.0,136.0,148.0,152.0,154.0,155.0,157.0,157.0
136.0,148.0,152.0,154.0,155.0,157.0,159.0,158.0
148.0,152.0,154.0,155.0,157.0,159.0,157.0,164.0
94.0,94.0,94.0,95.0,96.0,99.0,102.0,104.0
96.0,99.0,102.0,103.0,104.0,103.0,103.0,101.0
99.0,102.0,103.0,104.0,103.0,103.0,101.0,101.0
102.0,103.0,104.0,103.0,103.0,101.0,101.0,102.0
103.0,104.0,103.0,103.0,101.0,101.0,101.0,103.0
104.0,103.0,103.0,101.0,101.0,101.0,102.0,104.0
103.0,101.0,101.0,101.0,102.0,103.0,104.0,111.0
101.0,101.0,101.0,102.0,103.0,104.0,108.0,119.0
101.0,102.0,103.0,104.0,108.0,111.0,119.0,142.0
102.0,103.0,104.0,108.0,111.0,119.0,130.0,145.0
104.0,108.0,111.0,119.0,130.0,142.0,145.0,146.0
108.0,111.0,119.0,130.0,142.0,145.0,146.0,145.0
119.0,130.0,142.0,145.0,146.0,146.0,145.0,142.0
130.0,142.0,145.0,146.0,146.0,145.0,144.0,141.0
146.0,145.0,144.0,142.0,141.0,140.0,139.0,138.0
142.0,141.0,140.0,139.0,138.0,138.0,140.0,139.0
139.9,138.9,138.0,138.2,139.9,139.0,139.0,135.0
139.0,138.0,138.0,140.0,139.0,139.0,139.0,133.0
138.0,138.2,139.9,139.0,139.0,138.63636363636363,135.0,135.0
206.0,206.0,200.0,181.0,172.0,167.0,165.0,168.0
206.0,200.0,181.0,172.0,167.0,165.0,162.0,157.0
200.0,181.0,172.0,167.0,165.0,162.0,168.0,150.0
172.0,167.0,165.0,162.0,168.0,157.0,150.0,142.0
167.0,165.0,162.0,168.0,157.0,150.0,147.0,139.0
165.0,162.0,168.0,157.0,150.0,147.0,142.0,138.0
168.0,157.0,150.0,147.0,142.0,139.0,138.0,138.0
157.0,150.0,147.0,142.0,139.0,138.0,137.0,136.0
150.0,147.0,142.0,139.0,138.0,137.0,138.0,138.0
147.0,142.0,139.0,138.0,137.0,138.0,136.0,142.0
139.0,138.0,137.0,138.0,136.0,138.0,142.0,144.0
138.0,137.0,138.0,136.0,138.0,142.0,145.0,140.0
138.0,136.0,138.0,142.0,145.0,144.0,140.0,141.0
138.0,142.0,145.0,144.0,140.0,142.0,141.0,141.0
142.0,145.0,144.0,140.0,142.0,141.0,139.0,141.0
145.0,144.0,140.0,142.0,141.0,139.0,141.0,135.0
140.0,142.0,141.0,139.0,141.0,141.0,135.0,134.0
142.0,141.0,139.0,141.0,141.0,135.0,135.0,134.0
141.0,139.0,141.0,141.0,135.0,135.0,134.0,150.0
139.0,141.0,141.0,135.0,135.0,134.0,134.0,151.0
141.0,141.0,135.0,135.0,134.0,134.0,150.0,153.0
141.0,135.0,135.0,134.0,134.0,150.0,151.0,154.0
135.0,134.0,134.0,150.0,151.0,153.0,154.0,150.0
134.0,134.0,150.0,151.0,153.0,154.0,152.0,152.0
134.0,150.0,151.0,153.0,154.0,152.0,150.0,153.0
150.0,151.0,153.0,154.0,152.0,150.0,152.0,153.0
153.0,154.0,152.0,150.0,152.0,153.0,153.0,158.0
145.0,139.0,133.0,123.0,115.0,107.0,103.0,97.0
139.0,133.0,123.0,115.0,107.0,103.0,100.0,95.0
133.0,123.0,115.0,107.0,103.0,100.0,97.0,92.0
123.0,115.0,107.0,103.0,100.0,97.0,95.0,89.0
115.0,107.0,103.0,100.0,97.0,95.0,92.0,86.0
107.0,103.0,100.0,97.0,95.0,92.0,89.0,86.0
103.0,100.0,97.0,95.0,92.0,89.0,86.0,84.0
100.0,97.0,95.0,92.0,89.0,86.0,86.0,82.0
97.0,95.0,92.0,89.0,86.0,86.0,84.0,80.0
95.0,92.0,89.0,86.0,86.0,84.0,82.0,80.0
92.0,89.0,86.0,86.0,84.0,82.0,80.0,81.0
89.0,86.0,86.0,84.0,82.0,80.0,80.0,81.0
84.0,82.0,80.0,80.0,81.0,81.0,81.0,81.0
80.0,80.0,81.0,81.0,81.0,81.0,81.0,79.0
80.0,81.0,81.0,81.0,81.0,81.0,80.0,79.0
81.0,81.0,81.0,81.0,81.0,80.0,79.0,80.0
81.0,81.0,81.0,81.0,80.0,79.0,79.0,85.0
81.0,80.9,79.9,79.0,79.1,80.5,85.45454545454545,94.0
80.9,79.9,79.0,79.1,80.5,85.45454545454545,90.0,98.0
79.0,79.1,80.5,85.45454545454545,90.0,94.0,98.0,103.0
79.1,80.5,85.45454545454545,90.0,94.0,98.0,98.45454545454545,105.0
80.5,85.45454545454545,90.0,94.0,98.0,98.45454545454545,103.0,105.0
94.0,98.0,98.45454545454545,103.0,105.0,105.0,107.0,109.0
98.45454545454545,103.0,105.0,105.0,107.0,107.0,109.0,111.0
105.0,105.0,107.0,107.0,109.0,110.0909090909091,111.0,120.0
107.0,107.0,109.0,110.0909090909091,111.0,118.0,120.0,136.0
168.0,178.0,191.0,193.0,194.0,189.0,176.0,166.0
178.0,191.0,193.0,194.0,189.0,176.0,170.0,163.0
193.0,194.0,189.0,176.0,170.0,166.0,163.0,157.0
194.0,189.0,176.0,170.0,166.0,163.0,160.0,155.0
189.0,176.0,170.0,166.0,163.0,160.0,157.0,153.0
176.0,170.0,166.0,163.0,160.0,157.0,155.0,148.0
170.0,166.0,163.0,160.0,157.0,155.0,153.0,147.0
166.0,163.0,160.0,157.0,155.0,153.0,148.0,142.0
163.0,160.0,157.0,155.0,153.0,148.0,147.0,138.0
157.0,155.0,153.0,148.0,147.0,142.0,138.0,133.0
155.0,153.0,148.0,147.0,142.0,138.0,135.0,130.0
153.0,148.0,147.0,142.0,138.0,135.0,133.0,127.0
148.0,147.0,142.0,138.0,135.0,133.0,130.0,125.0
147.0,142.0,138.0,135.0,133.0,130.0,127.0,121.0
142.0,138.0,135.0,133.0,130.0,127.0,125.0,118.0
138.0,135.0,133.0,130.0,127.0,125.0,121.0,116.0
135.0,133.0,130.0,127.0,125.0,121.0,118.0,113.0
133.0,130.0,127.0,125.0,121.0,118.0,116.0,111.0
130.0,127.0,125.0,121.0,118.0,116.0,113.0,110.0
127.0,125.0,121.0,118.0,116.0,113.0,111.0,109.0
125.0,121.0,118.0,116.0,113.0,111.0,110.0,108.0
121.0,118.0,116.0,113.0,111.0,110.0,109.0,107.0
118.0,116.0,113.0,111.0,110.0,109.0,108.0,106.0
116.0,113.0,111.0,110.0,109.0,108.0,107.0,104.0
113.0,111.0,110.0,109.0,108.0,107.0,106.0,103.0
111.0,110.0,109.0,108.0,107.0,106.0,104.0,102.0
109.0,108.0,107.0,106.0,104.0,103.0,102.0,99.0
108.0,107.0,106.0,104.0,103.0,102.0,101.0,99.0
107.0,106.0,104.0,103.0,102.0,101.0,99.0,102.0
102.0,101.0,99.0,99.0,102.0,103.0,103.0,104.0
149.0,147.0,147.0,149.0,151.0,152.0,156.0,158.0
147.0,147.0,149.0,151.0,152.0,156.0,155.0,157.0
147.0,149.0,151.0,152.0,156.0,155.0,158.0,144.0
149.0,151.0,152.0,156.0,155.0,158.0,157.0,142.0
152.0,156.0,155.0,158.0,157.0,144.0,142.0,141.0
156.0,155.0,158.0,157.0,144.0,142.0,143.0,140.0
155.0,158.0,157.0,144.0,142.0,143.0,141.0,139.0
158.0,157.0,144.0,142.0,143.0,141.0,140.0,139.0
157.0,144.0,142.0,143.0,141.0,140.0,139.0,136.0
144.0,142.0,143.0,141.0,140.0,139.0,139.0,135.0
143.0,141.0,140.0,139.0,139.0,136.0,135.0,127.0
140.0,139.0,139.0,136.0,135.0,133.0,127.0,122.0
139.0,139.0,136.0,135.0,133.0,127.0,124.0,120.0
136.0,135.0,133.0,127.0,124.0,122.0,120.0,119.0
135.0,133.0,127.0,124.0,122.0,120.0,119.0,120.0
133.0,127.0,124.0,122.0,120.0,119.0,119.0,121.0
127.0,124.0,122.0,120.0,119.0,119.0,120.0,120.0
122.0,120.0,119.0,119.0,120.0,121.0,120.0,119.0
120.0,119.0,119.0,120.0,121.0,120.0,119.0,118.0
119.0,119.0,120.0,121.0,120.0,119.0,119.0,118.0
119.0,120.0,121.0,120.0,119.0,119.0,118.0,119.0
121.0,120.0,119.0,119.0,118.0,118.0,119.0,122.0
120.0,119.0,119.0,118.0,118.0,119.0,120.0,123.0
119.0,119.0,118.0,118.0,119.0,120.0,122.0,123.0
119.0,118.0,118.0,119.0,120.0,122.0,123.0,125.0
118.0,119.0,120.0,122.0,123.0,123.0,125.0,129.0
119.0,120.0,122.0,123.0,123.0,125.0,126.0,133.0
120.0,122.0,123.0,123.0,125.0,126.0,129.0,135.0
194.0,188.0,175.0,163.0,158.0,154.0,145.0,131.0
188.0,175.0,163.0,158.0,154.0,145.0,138.0,122.0
175.0,163.0,158.0,154.0,145.0,138.0,131.0,114.0
138.0,131.0,122.0,114.0,106.0,105.0,99.0,93.0
122.0,114.0,106.0,105.0,99.0,94.0,93.0,93.0
114.0,106.0,105.0,99.0,94.0,93.0,93.0,88.0
106.0,105.0,99.0,94.0,93.0,93.0,93.0,87.0
105.0,99.0,94.0,93.0,93.0,93.0,88.0,85.0
94.0,93.0,93.0,93.0,88.0,87.0,85.0,84.0
93.0,93.0,93.0,88.0,87.0,85.0,84.0,97.0
93.0,93.0,88.0,87.0,85.0,84.0,84.0,109.0
85.0,84.0,84.0,97.0,109.0,109.0,109.0,109.0
84.0,84.0,97.0,109.0,109.0,109.0,109.0,108.0
84.0,97.0,109.0,109.0,109.0,109.0,109.0,106.0
109.0,109.0,109.0,109.0,108.0,106.0,104.0,107.0
109.0,109.0,109.0,108.0,106.0,104.0,105.0,108.0
109.0,109.0,108.0,106.0,104.0,105.0,107.0,106.0
109.0,108.0,106.0,104.0,105.0,107.0,108.0,105.0
106.0,104.0,105.0,107.0,108.0,106.0,105.0,105.0
104.0,105.0,107.0,108.0,106.0,105.0,105.0,106.0
155.0,147.0,136.0,132.0,126.0,117.0,109.0,102.0
147.0,136.0,132.0,126.0,117.0,109.0,105.0,99.0
136.0,132.0,126.0,117.0,109.0,105.0,102.0,101.0
132.0,126.0,117.0,109.0,105.0,102.0,99.0,112.0
126.0,117.0,109.0,105.0,102.0,99.0,101.0,118.0
117.0,109.0,105.0,102.0,99.0,101.0,112.0,119.0
109.0,105.0,102.0,99.0,101.0,112.0,118.0,120.0
105.0,102.0,99.0,101.0,112.0,118.0,119.0,124.0
101.0,112.0,118.0,119.0,120.0,124.0,132.0,133.0
118.0,119.0,120.0,124.0,132.0,138.0,133.0,129.0
119.0,120.0,124.0,132.0,138.0,133.0,128.0,128.0
120.0,124.0,132.0,138.0,133.0,128.0,129.0,128.0
124.0,132.0,138.0,133.0,128.0,129.0,128.0,128.0
133.0,128.0,129.0,128.0,128.0,128.0,129.0,129.0
128.0,129.0,128.0,128.0,128.0,129.0,129.0,127.0
129.0,128.0,128.0,128.0,129.0,129.0,129.0,127.0
128.0,128.0,129.0,129.0,129.0,127.0,127.0,128.0
128.0,129.0,129.0,129.0,127.0,127.0,127.0,133.0
129.0,129.0,127.0,127.0,127.0,128.0,133.0,136.0
129.0,127.0,127.0,127.0,128.0,133.0,135.0,139.0
127.0,127.0,127.0,128.0,133.0,135.0,136.0,140.0
127.0,127.0,128.0,133.0,135.0,136.0,139.0,140.0
128.0,133.0,135.0,136.0,139.0,140.0,140.0,144.0
135.0,136.0,139.0,140.0,140.0,141.0,144.0,156.0
136.0,139.0,140.0,140.0,141.0,144.0,149.0,160.0
140.0,140.0,141.0,144.0,149.0,156.0,160.0,173.0
149.0,145.0,132.0,112.0,98.0,90.0,83.0,72.0
145.0,132.0,112.0,98.0,90.0,83.0,78.0,76.0
132.0,112.0,98.0,90.0,83.0,78.0,72.0,79.0
112.0,98.0,90.0,83.0,78.0,72.0,76.0,80.0
98.0,90.0,83.0,78.0,72.0,76.0,79.0,78.0
90.0,83.0,78.0,72.0,76.0,79.0,80.0,76.0
83.0,78.0,72.0,76.0,79.0,80.0,78.0,74.0
78.0,72.0,76.0,79.0,80.0,78.0,76.0,72.0
72.0,76.0,79.0,80.0,78.0,76.0,74.0,70.0
76.0,79.0,80.0,78.0,76.0,74.0,72.0,69.0
79.0,80.0,78.0,76.0,74.0,72.0,70.0,82.0
80.0,78.0,76.0,74.0,72.0,70.0,69.0,94.0
78.0,76.0,74.0,72.0,70.0,69.0,82.0,96.0
76.0,74.0,72.0,70.0,69.0,82.0,94.0,96.0
73.8,71.8,69.9,70.3,83.2,94.2,96.0,93.0
70.3,83.2,94.2,96.0,95.72727272727273,93.0,89.8,86.0
96.0,95.72727272727273,93.0,89.8,87.81818181818181,86.0,83.9,82.0
93.0,89.8,87.81818181818181,86.0,83.9,82.9090909090909,82.0,105.0
89.8,87.81818181818181,86.0,83.9,82.9090909090909,82.0,86.81818181818181,112.0
87.81818181818181,86.0,83.9,82.9090909090909,82.0,86.81818181818181,105.0,113.0
83.9,82.9090909090909,82.0,86.81818181818181,105.0,112.0,113.0,109.0
82.0,86.81818181818181,105.0,112.0,113.0,112.0,109.0,105.0
86.81818181818181,105.0,112.0,113.0,112.0,109.0,107.0,102.0
112.0,113.0,112.0,109.0,107.0,105.0,102.0,98.0
113.0,112.0,109.0,107.0,105.0,102.0,100.0,97.0
112.0,109.0,107.0,105.0,102.0,100.0,98.0,96.0
109.0,107.0,105.0,102.0,100.0,98.0,97.0,95.0
214.0,203.0,199.0,197.0,195.0,191.0,184.0,170.0
203.0,199.0,197.0,195.0,191.0,184.0,176.0,166.0
191.0,184.0,176.0,170.0,166.0,163.0,167.0,167.0
184.0,176.0,170.0,166.0,163.0,167.0,169.0,164.0
176.0,170.0,166.0,163.0,167.0,169.0,167.0,161.0
170.0,166.0,163.0,167.0,169.0,167.0,164.0,159.0
167.0,169.0,167.0,164.0,161.0,159.0,156.0,156.0
164.0,161.0,159.0,156.0,154.0,156.0,151.0,146.0
161.0,159.0,156.0,154.0,156.0,151.0,146.0,144.0
159.0,156.0,154.0,156.0,151.0,146.0,146.0,144.0
156.0,154.0,156.0,151.0,146.0,146.0,144.0,143.0
156.0,151.0,146.0,146.0,144.0,144.0,143.0,140.0
146.0,146.0,144.0,144.0,143.0,140.0,140.0,140.0
146.0,144.0,144.0,143.0,140.0,140.0,141.0,136.0
140.0,140.0,141.0,140.0,136.0,131.0,127.0,119.0
140.0,141.0,140.0,136.0,131.0,127.0,123.0,114.0
140.0,136.0,131.0,127.0,123.0,119.0,114.0,107.0
136.0,131.0,127.0,123.0,119.0,114.0,110.0,104.0
131.0,127.0,123.0,119.0,114.0,110.0,107.0,101.0
127.0,123.0,119.0,114.0,110.0,107.0,104.0,101.0
123.0,119.0,114.0,110.0,107.0,104.0,101.0,110.0
119.0,114.0,110.0,107.0,104.0,101.0,101.0,121.0
98.0,104.0,109.0,112.0,113.0,116.0,121.0,132.0
104.0,109.0,112.0,113.0,116.0,121.0,128.0,133.0
109.0,112.0,113.0,116.0,121.0,128.0,132.0,136.0
112.0,113.0,116.0,121.0,128.0,132.0,133.0,141.0
113.0,116.0,121.0,128.0,132.0,133.0,136.0,143.0
128.0,132.0,133.0,136.0,141.0,143.0,144.0,143.0
132.0,133.0,136.0,141.0,143.0,144.0,144.0,139.0
133.0,136.0,141.0,143.0,144.0,144.0,143.0,137.0
136.0,141.0,143.0,144.0,144.0,143.0,139.0,134.0
141.0,143.0,144.0,144.0,143.0,139.0,137.0,130.0
144.0,144.0,143.0,139.0,137.0,134.0,130.0,127.0
139.0,137.0,134.0,130.0,128.0,127.0,126.0,128.0
137.0,134.0,130.0,128.0,127.0,126.0,127.0,129.0
134.0,130.0,128.0,127.0,126.0,127.0,128.0,130.0
130.0,128.0,127.0,126.0,127.0,128.0,129.0,131.0
127.0,126.0,127.0,128.0,129.0,130.0,131.0,127.0
126.0,127.0,128.0,129.0,130.0,131.0,129.0,128.0
128.0,129.0,130.0,131.0,129.0,127.0,128.0,123.0
129.0,130.0,131.0,129.0,127.0,128.0,127.0,121.0
131.0,129.0,127.0,128.0,127.0,123.0,121.0,114.0
129.0,127.0,128.0,127.0,123.0,121.0,120.0,112.0
127.0,128.0,127.0,123.0,121.0,120.0,114.0,110.0
128.0,127.0,123.0,121.0,120.0,114.0,112.0,109.0
123.0,121.0,120.0,114.0,112.0,110.0,109.0,127.0
121.0,120.0,114.0,112.0,110.0,109.0,113.0,123.0
114.0,112.0,110.0,109.0,113.0,127.0,123.0,88.0
176.0,195.0,200.0,194.0,192.0,197.0,206.0,218.0
195.0,200.0,194.0,192.0,197.0,206.0,212.0,224.0
194.0,192.0,197.0,206.0,212.0,218.0,224.0,205.0
192.0,197.0,206.0,212.0,218.0,224.0,211.0,207.0
197.0,206.0,212.0,218.0,224.0,211.0,205.0,212.0
212.0,218.0,224.0,211.0,205.0,207.0,212.0,228.0
218.0,224.0,211.0,205.0,207.0,212.0,227.0,228.0
224.0,211.0,205.0,207.0,212.0,227.0,228.0,231.0
211.0,205.0,207.0,212.0,227.0,228.0,228.0,224.0
205.0,207.0,212.0,227.0,228.0,228.0,231.0,215.0
207.0,212.0,227.0,228.0,228.0,231.0,224.0,210.0
227.0,228.0,228.0,231.0,224.0,215.0,210.0,224.0
228.0,228.0,231.0,224.0,215.0,210.0,223.0,218.0
228.0,231.0,224.0,215.0,210.0,223.0,224.0,200.0
231.0,224.0,215.0,210.0,223.0,224.0,218.0,186.0
215.0,210.0,223.0,224.0,218.0,200.0,186.0,204.0
223.0,224.0,218.0,200.0,186.0,185.0,204.0,195.0
224.0,218.0,200.0,186.0,185.0,204.0,202.0,182.0
218.0,200.0,186.0,185.0,204.0,202.0,195.0,177.0
200.0,186.0,185.0,204.0,202.0,195.0,182.0,168.0
185.0,204.0,202.0,195.0,182.0,177.0,168.0,154.0
202.0,195.0,182.0,177.0,168.0,160.0,154.0,139.0
195.0,182.0,177.0,168.0,160.0,154.0,140.0,138.0
182.0,177.0,168.0,160.0,154.0,140.0,139.0,136.0
177.0,168.0,160.0,154.0,140.0,139.0,138.0,134.0
168.0,160.0,154.0,140.0,139.0,138.0,136.0,126.0
160.0,154.0,140.0,139.0,138.0,136.0,134.0,127.0
154.0,140.0,139.0,138.0,136.0,134.0,126.0,117.0
265.0,260.0,253.0,252.0,256.0,263.0,265.0,264.0
260.0,253.0,252.0,256.0,263.0,265.0,266.0,247.0
253.0,252.0,256.0,263.0,265.0,266.0,264.0,237.0
252.0,256.0,263.0,265.0,266.0,264.0,247.0,236.0
256.0,263.0,265.0,266.0,264.0,247.0,237.0,236.0
263.0,265.0,266.0,264.0,247.0,237.0,236.0,234.0
265.0,266.0,264.0,247.0,237.0,236.0,236.0,250.0
264.0,247.0,237.0,236.0,236.0,234.0,250.0,256.0
247.0,237.0,236.0,236.0,234.0,250.0,257.0,251.0
237.0,236.0,236.0,234.0,250.0,257.0,256.0,248.0
236.0,234.0,250.0,257.0,256.0,251.0,248.0,231.0
234.0,250.0,257.0,256.0,251.0,248.0,241.0,224.0
250.0,257.0,256.0,251.0,248.0,241.0,231.0,223.0
257.0,256.0,251.0,248.0,241.0,231.0,224.0,221.0
256.0,251.0,248.0,241.0,231.0,224.0,223.0,225.0
251.0,248.0,241.0,231.0,224.0,223.0,221.0,225.0
248.0,241.0,231.0,224.0,223.0,221.0,225.0,222.0
221.0,225.0,225.0,222.0,207.0,197.0,207.0,188.0
222.0,207.0,197.0,207.0,202.0,188.0,192.0,182.0
207.0,197.0,207.0,202.0,188.0,192.0,184.0,180.0
197.0,207.0,202.0,188.0,192.0,184.0,182.0,176.0
202.0,188.0,192.0,184.0,182.0,180.0,176.0,167.0
188.0,192.0,184.0,182.0,180.0,176.0,172.0,160.0
192.0,184.0,182.0,180.0,176.0,172.0,167.0,157.0
182.0,180.0,176.0,172.0,167.0,160.0,157.0,140.0
143.54545454545453,129.0,126.0,126.0,125.0,128.5,133.9,140.0
129.0,126.0,126.0,125.0,128.5,133.9,141.8181818181818,137.0
126.0,125.0,128.5,133.9,141.8181818181818,140.0,137.0,140.0
128.5,133.9,141.8181818181818,140.0,137.0,138.0,140.0,136.0
133.9,141.8181818181818,140.0,137.0,138.0,140.0,140.0,135.0
141.8181818181818,140.0,137.0,138.0,140.0,140.0,136.0,137.0
140.0,137.0,138.0,140.0,140.0,136.0,135.0,135.0
140.0,140.0,136.0,135.0,137.0,135.0,125.0,125.0
140.0,136.0,135.0,137.0,135.0,125.0,125.0,127.0
136.0,135.0,137.0,135.0,125.0,125.0,125.0,133.0
135.0,137.0,135.0,125.0,125.0,125.0,127.0,134.0
135.0,125.0,125.0,125.0,127.0,133.0,134.0,127.0
125.0,125.0,127.0,133.0,134.0,133.0,127.0,129.0
125.0,127.0,133.0,134.0,133.0,127.0,127.0,130.0
127.0,133.0,134.0,133.0,127.0,127.0,129.0,132.0
133.0,134.0,133.0,127.0,127.0,129.0,130.0,136.0
134.0,133.0,127.0,127.0,129.0,130.0,132.0,136.0
254.0,252.0,254.0,253.0,251.0,250.0,252.0,256.0
252.0,254.0,253.0,251.0,250.0,252.0,255.0,256.0
254.0,253.0,251.0,250.0,252.0,255.0,256.0,254.0
253.0,251.0,250.0,252.0,255.0,256.0,256.0,251.0
250.0,252.0,255.0,256.0,256.0,254.0,251.0,248.0
255.0,256.0,256.0,254.0,251.0,249.0,248.0,243.0
256.0,256.0,254.0,251.0,249.0,248.0,248.0,238.0
254.0,251.0,249.0,248.0,248.0,243.0,238.0,234.0
251.0,249.0,248.0,248.0,243.0,238.0,236.0,234.0
249.0,248.0,248.0,243.0,238.0,236.0,234.0,232.0
248.0,243.0,238.0,236.0,234.0,234.0,232.0,228.0
243.0,238.0,236.0,234.0,234.0,232.0,228.0,231.0
238.0,236.0,234.0,234.0,232.0,228.0,228.0,225.0
236.0,234.0,234.0,232.0,228.0,228.0,231.0,212.0
234.0,232.0,228.0,228.0,231.0,225.0,212.0,196.0
232.0,228.0,228.0,231.0,225.0,212.0,205.0,189.0
228.0,228.0,231.0,225.0,212.0,205.0,196.0,182.0
228.0,231.0,225.0,212.0,205.0,196.0,189.0,181.0
231.0,225.0,212.0,205.0,196.0,189.0,182.0,176.0
205.0,196.0,189.0,182.0,181.0,176.0,170.0,160.0
189.0,182.0,181.0,176.0,170.0,166.0,160.0,156.0
182.0,181.0,176.0,170.0,166.0,160.0,157.0,155.0
181.0,176.0,170.0,166.0,160.0,157.0,156.0,151.0
176.0,170.0,166.0,160.0,157.0,156.0,155.0,151.0
170.0,166.0,160.0,157.0,156.0,155.0,151.0,151.0
166.0,160.0,157.0,156.0,155.0,151.0,151.0,122.0
157.0,156.0,155.0,151.0,151.0,151.0,122.0,108.0
218.7,216.0,216.0,217.0,217.0,223.0,227.0,232.0
216.0,217.0,217.0,223.0,227.0,229.0,232.0,233.0
217.0,223.0,227.0,229.0,232.0,233.0,233.0,233.0
229.0,232.0,233.0,233.0,232.0909090909091,233.0,232.0,229.0
232.0,233.0,233.0,232.0909090909091,233.0,232.0,230.0,228.0
233.0,233.0,232.0909090909091,233.0,232.0,230.0,229.0,228.0
233.0,232.0909090909091,233.0,232.0,230.0,229.0,228.0,228.0
232.0909090909091,233.0,232.0,230.0,229.0,228.0,228.0,226.0
232.0,230.0,229.0,228.0,228.0,228.0,226.0,223.0
230.0,229.0,228.0,228.0,228.0,226.0,223.0,223.0
229.0,228.0,228.0,228.0,226.0,223.0,223.0,224.0
228.0,228.0,228.0,226.0,223.0,223.0,223.0,225.0
228.0,228.0,226.0,223.0,223.0,223.0,224.0,226.0
228.0,226.0,223.0,223.0,223.0,224.0,225.0,225.0
226.0,223.0,223.0,223.0,224.0,225.0,226.0,225.0
223.0,223.0,223.0,224.0,225.0,226.0,225.0,223.0
223.0,223.0,224.0,225.0,226.0,225.0,225.0,220.0
223.0,224.0,225.0,226.0,225.0,225.0,223.0,215.0
224.0,225.0,226.0,225.0,225.0,223.0,220.0,213.0
225.0,226.0,225.0,225.0,223.0,220.0,215.0,210.0
226.0,225.0,225.0,223.0,220.0,215.0,213.0,207.0
225.0,225.0,223.0,220.0,215.0,213.0,210.0,204.0
225.0,223.0,220.0,215.0,213.0,210.0,207.0,205.0
223.0,220.0,215.0,213.0,210.0,207.0,204.0,203.0
220.0,215.0,213.0,210.0,207.0,204.0,205.0,201.0
215.0,213.0,210.0,207.0,204.0,205.0,203.0,198.0
213.0,210.0,207.0,204.0,205.0,203.0,201.0,196.0
210.0,207.0,204.0,205.0,203.0,201.0,198.0,194.0
207.0,204.0,205.0,203.0,201.0,198.0,196.0,189.0
141.0,141.0,142.0,137.0,133.0,133.0,142.0,155.0
141.0,142.0,137.0,133.0,133.0,142.0,153.0,160.0
142.0,137.0,133.0,133.0,142.0,153.0,155.0,165.0
137.0,133.0,133.0,142.0,153.0,155.0,160.0,170.0
133.0,133.0,142.0,153.0,155.0,160.0,165.0,173.0
133.0,142.0,153.0,155.0,160.0,165.0,170.0,176.0
142.0,153.0,155.0,160.0,165.0,170.0,173.0,178.0
153.0,155.0,160.0,165.0,170.0,173.0,176.0,179.0
160.0,165.0,170.0,173.0,176.0,178.0,179.0,180.0
165.0,170.0,173.0,176.0,178.0,179.0,180.0,181.0
170.0,173.0,176.0,178.0,179.0,180.0,180.0,179.0
173.0,176.0,178.0,179.0,180.0,180.0,181.0,180.0
176.0,178.0,179.0,180.0,180.0,181.0,179.0,181.0
178.0,179.0,180.0,180.0,181.0,179.0,180.0,181.0
179.0,180.0,180.0,181.0,179.0,180.0,181.0,179.0
180.0,180.0,181.0,179.0,180.0,181.0,181.0,178.0
180.0,181.0,179.0,180.0,181.0,181.0,179.0,176.0
181.0,179.0,180.0,181.0,181.0,179.0,178.0,174.0
179.0,180.0,181.0,181.0,179.0,178.0,176.0,173.0
180.0,181.0,181.0,179.0,178.0,176.0,174.0,172.0
181.0,179.0,178.0,176.0,174.0,173.0,172.0,169.0
179.0,178.0,176.0,174.0,173.0,172.0,171.0,166.0
176.0,174.0,173.0,172.0,171.0,169.0,166.0,163.0
174.0,173.0,172.0,171.0,169.0,166.0,165.0,161.0
171.0,169.0,166.0,165.0,163.0,161.0,158.0,158.0
169.0,166.0,165.0,163.0,161.0,158.0,159.0,156.0
163.0,161.0,158.0,159.0,158.0,156.0,158.0,158.0
112.0,110.0,108.0,105.0,102.0,100.0,98.0,98.0
110.0,108.0,105.0,102.0,100.0,98.0,98.0,98.0
108.0,105.0,102.0,100.0,98.0,98.0,98.0,96.0
105.0,102.0,100.0,98.0,98.0,98.0,98.0,95.0
102.0,100.0,98.0,98.0,98.0,98.0,96.0,94.0
98.0,98.0,98.0,98.0,96.0,95.0,94.0,88.0
98.0,98.0,98.0,96.0,95.0,94.0,93.0,86.0
98.0,98.0,96.0,95.0,94.0,93.0,88.0,85.0
97.8,95.9,94.9,93.9,92.5,87.8,85.9,87.0
95.9,94.9,93.9,92.5,87.8,85.9,85.18181818181819,90.0
92.5,87.8,85.9,85.18181818181819,87.0,90.0,92.0909090909091,95.0
87.0,90.0,92.0909090909091,93.0,95.0,98.2,100.0,100.0
92.0909090909091,93.0,95.0,98.2,100.0,100.0,100.0,101.0
93.0,95.0,98.2,100.0,100.0,100.0,100.0,104.0
95.0,98.2,100.0,100.0,100.0,100.0,101.0,109.0
98.2,100.0,100.0,100.0,100.0,101.0,104.0,111.0
100.0,100.0,100.0,100.0,101.0,104.0,109.0,111.0
100.0,100.0,100.0,101.0,104.0,109.0,111.0,112.0
100.0,101.0,104.0,109.0,111.0,111.0,112.0,113.0
101.0,104.0,109.0,111.0,111.0,112.0,114.0,112.0
109.0,111.0,111.0,112.0,114.0,113.0,112.0,114.0
111.0,111.0,112.0,114.0,113.0,112.0,113.0,115.0
111.0,112.0,114.0,113.0,112.0,113.0,114.0,114.0
113.0,112.0,113.0,114.0,115.0,114.0,115.0,123.0
107.0,101.0,89.0,81.0,75.0,77.0,82.0,98.0
101.0,89.0,81.0,75.0,77.0,82.0,93.0,104.0
89.0,81.0,75.0,77.0,82.0,93.0,98.0,106.0
81.0,75.0,77.0,82.0,93.0,98.0,104.0,106.0
75.0,77.0,82.0,93.0,98.0,104.0,106.0,104.0
77.0,82.0,93.0,98.0,104.0,106.0,106.0,102.0
93.0,98.0,104.0,106.0,106.0,104.0,102.0,100.0
98.0,104.0,106.0,106.0,104.0,102.0,101.0,100.0
104.0,106.0,106.0,104.0,102.0,101.0,100.0,99.0
106.0,106.0,104.0,102.0,101.0,100.0,100.0,103.0
106.0,104.0,102.0,101.0,100.0,100.0,99.0,106.0
104.0,102.0,101.0,100.0,100.0,99.0,103.0,109.0
102.0,101.0,100.0,100.0,99.0,103.0,106.0,111.0
99.0,103.0,106.0,109.0,111.0,112.0,113.0,117.0
103.0,106.0,109.0,111.0,112.0,113.0,115.0,118.0
106.0,109.0,111.0,112.0,113.0,115.0,117.0,119.0
109.0,111.0,112.0,113.0,115.0,117.0,118.0,118.0
111.0,112.0,113.0,115.0,117.0,118.0,119.0,117.0
113.0,115.0,117.0,118.0,119.0,118.0,117.0,117.0
115.0,117.0,118.0,119.0,118.0,117.0,116.0,120.0
118.0,119.0,118.0,117.0,116.0,117.0,120.0,125.0
119.0,118.0,117.0,116.0,117.0,120.0,124.0,125.0
118.0,117.0,116.0,117.0,120.0,124.0,125.0,126.0
117.0,116.0,117.0,120.0,124.0,125.0,125.0,125.0
116.0,117.0,120.0,124.0,125.0,125.0,126.0,124.0
117.0,120.0,124.0,125.0,125.0,126.0,125.0,121.0
124.0,125.0,125.0,126.0,125.0,124.0,121.0,133.0
125.0,125.0,126.0,125.0,124.0,121.0,124.0,136.0
125.0,126.0,125.0,124.0,121.0,124.0,133.0,139.0
216.6,212.7,208.7,196.1,187.54545454545453,183.0,176.8,171.0
174.63636363636363,171.0,167.7,164.8,163.2,164.36363636363637,158.0,154.0
167.7,164.8,163.2,164.36363636363637,158.0,156.0,154.0,150.0
164.8,163.2,164.36363636363637,158.0,156.0,154.0,151.8181818181818,148.0
164.36363636363637,158.0,156.0,154.0,151.8181818181818,150.0,148.0,144.0
158.0,156.0,154.0,151.8181818181818,150.0,148.0,147.0,141.0
154.0,151.8181818181818,150.0,148.0,147.0,144.0,141.0,137.0
151.8181818181818,150.0,148.0,147.0,144.0,141.0,138.0,137.0
150.0,148.0,147.0,144.0,141.0,138.0,137.0,138.0
148.0,147.0,144.0,141.0,138.0,137.0,137.0,138.0
147.0,144.0,141.0,138.0,137.0,137.0,138.0,137.0
141.0,138.0,137.0,137.0,138.0,138.0,137.0,131.0
138.0,137.0,137.0,138.0,138.0,137.0,132.0,130.0
137.0,137.0,138.0,138.0,137.0,132.0,131.0,130.0
137.0,138.0,138.0,137.0,132.0,131.0,130.0,131.0
138.0,137.0,132.0,131.0,130.0,130.0,131.0,129.0
132.0,131.0,130.0,130.0,131.0,130.0,129.0,128.0
131.0,130.0,130.0,131.0,130.0,129.0,129.0,131.0
130.0,131.0,130.0,129.0,129.0,128.0,131.0,136.0
91.0,99.0,102.0,105.0,112.0,122.0,133.0,135.0
99.0,102.0,105.0,112.0,122.0,133.0,134.0,134.0
122.0,133.0,134.0,135.0,134.0,133.0,122.0,119.0
134.0,135.0,134.0,133.0,122.0,120.0,119.0,133.0
135.0,134.0,133.0,122.0,120.0,119.0,130.0,141.0
134.0,133.0,122.0,120.0,119.0,130.0,133.0,145.0
133.0,122.0,120.0,119.0,130.0,133.0,141.0,148.0
120.0,119.0,130.0,133.0,141.0,145.0,148.0,149.0
119.0,130.0,133.0,141.0,145.0,148.0,149.0,149.0
130.0,133.0,141.0,145.0,148.0,149.0,149.0,150.0
133.0,141.0,145.0,148.0,149.0,149.0,149.0,147.0
141.0,145.0,148.0,149.0,149.0,149.0,150.0,140.0
145.0,148.0,149.0,149.0,149.0,150.0,147.0,139.0
148.0,149.0,149.0,149.0,150.0,147.0,140.0,138.0
149.0,150.0,147.0,140.0,139.0,138.0,137.0,135.0
147.0,140.0,139.0,138.0,137.0,136.0,135.0,139.0
140.0,139.0,138.0,137.0,136.0,135.0,134.0,137.0
139.0,138.0,137.0,136.0,135.0,134.0,139.0,136.0
138.0,137.0,136.0,135.0,134.0,139.0,137.0,133.0
137.0,136.0,135.0,134.0,139.0,137.0,136.0,130.0
136.0,135.0,134.0,139.0,137.0,136.0,133.0,125.0
135.0,134.0,139.0,137.0,136.0,133.0,130.0,124.0
134.0,139.0,137.0,136.0,133.0,130.0,125.0,122.0
139.0,137.0,136.0,133.0,130.0,125.0,124.0,122.0
137.0,136.0,133.0,130.0,125.0,124.0,122.0,120.0
136.0,133.0,130.0,125.0,124.0,122.0,122.0,118.0
130.0,125.0,124.0,122.0,122.0,120.0,118.0,114.0
93.0,90.0,86.0,81.0,78.0,67.0,61.0,58.0
90.0,86.0,81.0,78.0,67.0,61.0,59.0,79.0
81.0,78.0,67.0,61.0,59.0,58.0,79.0,133.0
78.0,67.0,61.0,59.0,58.0,79.0,112.0,154.0
61.0,59.0,58.0,79.0,112.0,133.0,154.0,171.0
59.0,58.0,79.0,112.0,133.0,154.0,168.0,170.0
58.0,79.0,112.0,133.0,154.0,168.0,171.0,163.0
112.0,133.0,154.0,168.0,171.0,170.0,163.0,155.0
168.0,171.0,170.0,163.0,157.0,155.0,152.0,161.0
170.0,163.0,157.0,155.0,152.0,157.0,161.0,163.0
163.0,157.0,155.0,152.0,157.0,161.0,162.0,162.0
157.0,155.0,152.0,157.0,161.0,162.0,163.0,162.0
155.0,152.0,157.0,161.0,162.0,163.0,162.0,162.0
152.5,157.4,161.1,162.1,162.9,162.0,162.0,161.0
162.9,162.0,162.0,161.9090909090909,161.0,158.7,165.1,163.0
162.0,161.9090909090909,161.0,158.7,165.1,165.72727272727272,163.0,159.0
161.0,158.7,165.1,165.72727272727272,163.0,160.8181818181818,159.0,154.0
158.7,165.1,165.72727272727272,163.0,160.8181818181818,159.0,156.72727272727272,152.0
165.1,165.72727272727272,163.0,160.8181818181818,159.0,156.72727272727272,154.0,149.0
165.72727272727272,163.0,160.8181818181818,159.0,156.72727272727272,154.0,152.0,146.0
163.0,160.8181818181818,159.0,156.72727272727272,154.0,152.0,149.0,143.0
159.0,156.72727272727272,154.0,152.0,149.0,146.0,143.0,134.0
156.72727272727272,154.0,152.0,149.0,146.0,143.0,140.0,129.0
176.0,173.0,171.0,159.0,158.0,156.0,155.0,148.0
173.0,171.0,159.0,158.0,156.0,155.0,152.0,139.0
171.0,159.0,158.0,156.0,155.0,152.0,148.0,130.0
158.0,156.0,155.0,152.0,148.0,139.0,130.0,120.0
156.0,155.0,152.0,148.0,139.0,130.0,124.0,114.0
155.0,152.0,148.0,139.0,130.0,124.0,120.0,110.0
139.0,130.0,124.0,120.0,114.0,110.0,106.0,99.0
130.0,124.0,120.0,114.0,110.0,106.0,102.0,96.0
124.0,120.0,114.0,110.0,106.0,102.0,99.0,94.0
114.0,110.0,106.0,102.0,99.0,96.0,94.0,89.0
110.0,106.0,102.0,99.0,96.0,94.0,91.0,85.0
102.0,99.0,96.0,94.0,91.0,89.0,85.0,78.0
99.0,96.0,94.0,91.0,89.0,85.0,81.0,76.0
96.0,94.0,91.0,89.0,85.0,81.0,78.0,74.0
94.0,91.0,89.0,85.0,81.0,78.0,76.0,71.0
89.0,85.0,81.0,78.0,76.0,74.0,71.0,66.0
85.0,81.0,78.0,76.0,74.0,71.0,68.0,64.0
81.0,78.0,76.0,74.0,71.0,68.0,66.0,62.0
78.0,76.0,74.0,71.0,68.0,66.0,64.0,61.0
76.0,74.0,71.0,68.0,66.0,64.0,62.0,87.0
74.0,71.0,68.0,66.0,64.0,62.0,61.0,111.0
71.0,68.0,66.0,64.0,62.0,61.0,87.0,113.0
68.0,66.0,64.0,62.0,61.0,87.0,111.0,109.0
66.0,64.0,62.0,61.0,87.0,111.0,113.0,101.0
64.0,62.0,61.0,87.0,111.0,113.0,109.0,92.0
62.0,61.0,87.0,111.0,113.0,109.0,101.0,87.0
61.0,87.0,111.0,113.0,109.0,101.0,92.0,83.0
87.0,111.0,113.0,109.0,101.0,92.0,87.0,78.0
111.0,113.0,109.0,101.0,92.0,87.0,83.0,76.0
113.0,109.0,101.0,92.0,87.0,83.0,78.0,74.0
159.0,143.0,131.0,129.0,129.0,129.0,130.0,138.0
143.0,131.0,129.0,129.0,129.0,130.0,135.0,140.0
131.0,129.0,129.0,129.0,130.0,135.0,138.0,140.0
129.0,129.0,130.0,135.0,138.0,140.0,140.0,140.0
129.1,130.5,135.3,138.2,140.0,140.0,140.0,142.0
140.1818181818182,142.0,143.0,143.0,142.8,140.9,139.8,136.0
141.8181818181818,142.9,143.0,143.0,141.0,140.0,138.0,135.0
143.0,143.0,142.8,140.9,139.8,137.8181818181818,136.0,134.0
143.0,142.8,140.9,139.8,137.8181818181818,136.0,134.9090909090909,135.0
142.8,140.9,139.8,137.8181818181818,136.0,134.9090909090909,134.0,133.0
137.8181818181818,136.0,134.9090909090909,134.0,135.0,133.0,130.9090909090909,128.0
136.0,134.9090909090909,134.0,135.0,133.0,130.9090909090909,130.0,128.0
134.9090909090909,134.0,135.0,133.0,130.9090909090909,130.0,128.0,128.0
134.0,135.0,133.0,130.9090909090909,130.0,128.0,128.0,125.0
135.0,133.0,130.9090909090909,130.0,128.0,128.0,128.0,125.0
133.0,130.9090909090909,130.0,128.0,128.0,128.0,125.0,124.0
130.9090909090909,130.0,128.0,128.0,128.0,125.0,125.0,130.0
128.0,128.0,128.0,125.0,125.0,124.0,130.0,151.0
128.0,128.0,125.0,125.0,124.0,130.0,143.0,155.0
125.0,125.0,124.0,130.0,143.0,151.0,155.0,163.0
124.0,130.0,143.0,151.0,155.0,162.0,163.0,162.0
130.0,143.0,151.0,155.0,162.0,163.0,164.0,160.0
151.0,155.0,162.0,163.0,164.0,162.0,160.0,151.0
169.0,173.0,173.0,172.0,175.0,181.0,187.0,193.0
