130.0,114.0,105.0,105.0,109.0,114.0,120.0,126.0
105.0,109.0,114.0,120.0,127.0,126.0,120.0,109.0
109.0,114.0,120.0,127.0,126.0,120.0,114.0,104.0
127.0,126.0,120.0,114.0,109.0,104.0,99.0,95.0
120.0,114.0,109.0,104.0,99.0,95.0,95.0,103.0
114.0,109.0,104.0,99.0,95.0,95.0,98.0,107.0
99.0,95.0,95.0,98.0,103.0,107.0,107.0,108.0
95.0,95.0,98.0,103.0,107.0,107.0,107.0,109.0
98.0,103.0,107.0,107.0,107.0,108.0,109.0,112.0
107.0,107.0,107.0,108.0,109.0,111.0,112.0,109.0
107.0,107.0,108.0,109.0,111.0,112.0,109.0,108.0
107.0,108.0,109.0,111.0,112.0,109.0,109.0,107.0
108.0,109.0,111.0,112.0,109.0,109.0,108.0,106.0
109.0,111.0,112.0,109.0,109.0,108.0,107.0,106.0
111.0,112.0,109.0,109.0,108.0,107.0,106.0,109.0
112.0,109.0,109.0,108.0,107.0,106.0,106.0,111.0
109.0,109.0,108.0,107.0,106.0,106.0,109.0,111.0
109.0,108.0,107.0,106.0,106.0,109.0,111.0,110.0
107.0,106.0,106.0,109.0,111.0,111.0,110.0,102.0
106.0,106.0,109.0,111.0,111.0,110.0,106.0,99.0
109.0,111.0,111.0,110.0,106.0,102.0,99.0,96.0
111.0,111.0,110.0,106.0,102.0,99.0,97.0,97.0
111.0,110.1,106.4,102.4,99.3,97.2,96.1,97.0
110.1,106.4,102.4,99.3,97.2,96.1,96.9,97.0
106.4,102.4,99.3,97.2,96.1,96.9,97.0,100.0
318.0,318.0,319.0,318.0,311.0,290.0,278.0,264.0
318.1,318.9,317.3,308.9,288.8,278.2,278.4,264.0
317.3,308.9,288.8,278.2,278.4,264.0,264.0,254.0
288.8,278.2,278.4,264.0,264.0,261.27272727272725,254.0,242.0
278.2,278.4,264.0,264.0,261.27272727272725,254.0,248.36363636363637,222.0
264.0,264.0,261.27272727272725,254.0,248.36363636363637,242.0,222.0,192.0
264.0,261.27272727272725,254.0,248.36363636363637,242.0,222.0,200.1818181818182,183.0
254.0,248.36363636363637,242.0,222.0,200.1818181818182,192.0,183.0,202.0
242.0,222.0,200.1818181818182,192.0,183.0,201.0909090909091,202.0,187.0
200.1818181818182,192.0,183.0,201.0909090909091,202.0,194.0,187.0,172.0
183.0,201.0909090909091,202.0,194.0,187.0,180.0,172.0,148.0
201.0909090909091,202.0,194.0,187.0,180.0,172.0,155.0,141.0
202.0,194.0,187.0,180.0,172.0,155.0,148.0,132.0
187.0,180.0,172.0,155.0,148.0,141.0,132.0,121.0
155.0,148.0,141.0,132.0,130.0,121.0,108.0,94.0
141.0,132.0,130.0,121.0,108.0,102.0,94.0,79.0
132.0,130.0,121.0,108.0,102.0,94.0,85.0,74.0
130.0,121.0,108.0,102.0,94.0,85.0,79.0,73.0
121.0,108.0,102.0,94.0,85.0,79.0,74.0,72.0
108.0,102.0,94.0,85.0,79.0,74.0,73.0,73.0
102.0,94.0,85.0,79.0,74.0,73.0,72.0,71.0
94.0,85.0,79.0,74.0,73.0,72.0,73.0,72.0
85.0,79.0,74.0,73.0,72.0,73.0,71.0,74.0
198.0,208.0,219.0,219.0,218.0,212.0,221.0,233.0
208.0,219.0,219.0,218.0,212.0,221.0,229.0,231.0
219.0,219.0,218.0,212.0,221.0,229.0,233.0,230.0
218.0,212.0,221.0,229.0,233.0,231.0,230.0,232.0
212.0,221.0,229.0,233.0,231.0,230.0,229.0,235.0
221.0,229.0,233.0,231.0,230.0,229.0,232.0,232.0
229.0,233.0,231.0,230.0,229.0,232.0,235.0,230.0
233.0,231.0,230.0,229.0,232.0,235.0,232.0,230.0
231.0,230.0,229.0,232.0,235.0,232.0,230.0,231.0
229.0,232.0,235.0,232.0,230.0,230.0,231.0,232.0
235.0,232.0,230.0,230.0,231.0,233.0,232.0,225.0
232.0,230.0,230.0,231.0,233.0,232.0,228.0,224.0
230.0,230.0,231.0,233.0,232.0,228.0,225.0,218.0
230.0,231.0,233.0,232.0,228.0,225.0,224.0,209.0
231.0,233.0,232.0,228.0,225.0,224.0,218.0,198.0
233.0,232.0,228.0,225.0,224.0,218.0,209.0,181.0
232.0,228.0,225.0,224.0,218.0,209.0,198.0,171.0
228.0,225.0,224.0,218.0,209.0,198.0,181.0,167.0
225.0,224.0,218.0,209.0,198.0,181.0,171.0,162.0
224.0,218.0,209.0,198.0,181.0,171.0,167.0,158.0
218.0,209.0,198.0,181.0,171.0,167.0,162.0,156.0
209.0,198.0,181.0,171.0,167.0,162.0,158.0,154.0
198.0,181.0,171.0,167.0,162.0,158.0,156.0,153.0
181.0,171.0,167.0,162.0,158.0,156.0,154.0,149.0
171.0,167.0,162.0,158.0,156.0,154.0,153.0,145.0
167.0,162.0,158.0,156.0,154.0,153.0,149.0,138.0
162.0,158.0,156.0,154.0,153.0,149.0,145.0,134.0
154.0,153.0,149.0,145.0,138.0,134.0,128.0,120.0
153.0,149.0,145.0,138.0,134.0,128.0,122.0,121.0
149.0,145.0,138.0,134.0,128.0,122.0,120.0,125.0
274.0,258.8,258.45454545454544,273.0,270.8181818181818,269.0,261.0,250.0
258.45454545454544,273.0,270.8181818181818,269.0,261.0,254.0,250.0,237.0
273.0,270.8181818181818,269.0,261.0,254.0,250.0,247.0,232.0
270.8181818181818,269.0,261.0,254.0,250.0,247.0,237.0,231.0
269.0,261.0,254.0,250.0,247.0,237.0,232.0,222.0
261.0,254.0,250.0,247.0,237.0,232.0,231.0,220.0
247.0,237.0,232.0,231.0,222.0,220.0,217.0,204.0
237.0,232.0,231.0,222.0,220.0,217.0,216.0,204.0
231.0,222.0,220.0,217.0,216.0,204.0,204.0,203.0
222.0,220.0,217.0,216.0,204.0,204.0,206.0,202.0
217.0,216.0,204.0,204.0,206.0,203.0,202.0,200.0
204.0,204.0,206.0,203.0,202.0,201.0,200.0,194.0
204.0,206.0,203.0,202.0,201.0,200.0,197.0,192.0
206.0,203.0,202.0,201.0,200.0,197.0,194.0,189.0
202.0,201.0,200.0,197.0,194.0,192.0,189.0,188.0
201.0,200.0,197.0,194.0,192.0,189.0,188.0,190.0
200.0,197.0,194.0,192.0,189.0,188.0,188.0,188.0
197.0,194.0,192.0,189.0,188.0,188.0,190.0,188.0
188.0,188.0,190.0,188.0,188.0,175.0,160.0,166.0
188.0,190.0,188.0,188.0,175.0,160.0,168.0,163.0
190.0,188.0,188.0,175.0,160.0,168.0,166.0,171.0
188.0,188.0,175.0,160.0,168.0,166.0,163.0,172.0
175.0,160.0,168.0,166.0,163.0,171.0,172.0,176.0
168.0,166.0,163.0,171.0,172.0,175.0,176.0,181.0
317.0,303.0,310.0,312.0,312.0,313.0,294.0,225.0
303.0,310.0,312.0,312.0,313.0,294.0,244.0,179.0
310.0,312.0,312.0,313.0,294.0,244.0,225.0,178.0
312.0,312.0,313.0,294.0,244.0,225.0,179.0,179.0
313.0,294.0,244.0,225.0,179.0,178.0,179.0,155.0
294.0,244.0,225.0,179.0,178.0,179.0,159.0,153.0
244.0,225.0,179.0,178.0,179.0,159.0,155.0,144.0
225.0,179.0,178.0,179.0,159.0,155.0,153.0,145.0
179.0,178.0,179.0,159.0,155.0,153.0,144.0,152.0
178.0,179.0,159.0,155.0,153.0,144.0,145.0,151.0
179.0,159.0,155.0,153.0,144.0,145.0,152.0,157.0
153.0,144.0,145.0,152.0,151.0,157.0,163.0,171.0
152.0,151.0,157.0,163.0,169.0,171.0,171.0,172.0
169.0,171.0,171.0,171.0,172.0,175.0,174.0,172.0
171.0,171.0,171.0,172.0,175.0,174.0,173.0,170.0
171.0,171.0,172.0,175.0,174.0,173.0,172.0,155.0
175.0,174.0,173.0,172.0,170.0,155.0,158.0,153.0
173.0,172.0,170.0,155.0,158.0,148.0,153.0,154.0
172.0,170.0,155.0,158.0,148.0,153.0,155.0,153.0
170.0,155.0,158.0,148.0,153.0,155.0,154.0,146.0
155.0,158.0,148.0,153.0,155.0,154.0,153.0,145.0
158.0,148.0,153.0,155.0,154.0,153.0,146.0,146.0
148.0,153.0,155.0,154.0,153.0,146.0,145.0,147.0
213.0,235.0,244.0,256.0,265.0,278.0,284.0,299.0
235.0,244.0,256.0,265.0,278.0,284.0,291.0,300.0
244.0,256.0,265.0,278.0,284.0,291.0,299.0,298.0
256.0,265.0,278.0,284.0,291.0,299.0,300.0,294.0
278.0,284.0,291.0,299.0,300.0,298.0,294.0,312.0
291.0,299.0,300.0,298.0,294.0,296.0,312.0,332.0
299.0,300.0,298.0,294.0,296.0,312.0,321.0,332.0
300.0,298.0,294.0,296.0,312.0,321.0,332.0,331.0
298.0,294.0,296.0,312.0,321.0,332.0,332.0,320.0
296.0,312.0,321.0,332.0,332.0,331.0,320.0,315.0
321.0,332.0,332.0,331.0,320.0,314.0,315.0,317.0
332.0,331.0,320.0,314.0,315.0,314.0,317.0,300.0
320.0,314.0,315.0,314.0,317.0,309.0,300.0,274.0
314.0,315.0,314.0,317.0,309.0,300.0,288.0,251.0
315.0,314.0,317.0,309.0,300.0,288.0,274.0,232.0
317.0,309.0,300.0,288.0,274.0,251.0,232.0,216.0
309.0,300.0,288.0,274.0,251.0,232.0,223.0,203.0
300.0,288.0,274.0,251.0,232.0,223.0,216.0,202.0
288.0,274.0,251.0,232.0,223.0,216.0,203.0,196.0
274.0,251.0,232.0,223.0,216.0,203.0,202.0,192.0
251.0,232.0,223.0,216.0,203.0,202.0,196.0,177.0
232.0,223.0,216.0,203.0,202.0,196.0,192.0,172.0
223.0,216.0,203.0,202.0,196.0,192.0,177.0,171.0
216.0,203.0,202.0,196.0,192.0,177.0,172.0,170.0
202.0,196.0,192.0,177.0,172.0,171.0,170.0,161.0
192.0,177.0,172.0,171.0,170.0,168.0,161.0,160.0
186.0,188.0,191.0,186.0,185.0,180.0,178.0,178.0
191.0,186.0,185.0,180.0,178.0,178.0,178.0,179.0
186.0,185.0,180.0,178.0,178.0,178.0,181.0,177.0
185.0,180.0,178.0,178.0,178.0,181.0,179.0,175.0
178.0,181.0,179.0,177.0,175.0,174.0,174.0,177.0
177.0,175.0,174.0,174.0,177.0,177.0,174.0,179.0
175.0,174.0,174.0,177.0,177.0,174.0,179.0,179.0
174.0,174.0,177.0,177.0,174.0,179.0,179.0,182.0
174.0,177.0,177.0,174.0,179.0,179.0,179.0,181.0
177.0,177.0,174.0,179.0,179.0,179.0,182.0,181.0
177.0,174.0,179.0,179.0,179.0,182.0,181.0,184.0
174.0,179.0,179.0,179.0,182.0,181.0,181.0,189.0
179.0,179.0,179.0,182.0,181.0,181.0,184.0,195.0
179.0,179.3,181.9,181.0,181.3,184.5,189.6,196.0
179.0,182.0,181.0,181.0,184.0,189.0,195.0,202.0
181.0,181.3,184.5,189.6,195.0909090909091,196.0,202.2,213.0
184.5,189.6,195.0909090909091,196.0,202.2,204.8181818181818,213.0,215.0
189.6,195.0909090909091,196.0,202.2,204.8181818181818,213.0,218.63636363636363,218.0
196.0,202.2,204.8181818181818,213.0,218.63636363636363,215.0,218.0,230.0
300.0,301.0,297.0,288.0,285.0,285.0,286.0,289.0
301.0,297.0,288.0,285.0,285.0,286.0,288.0,290.0
297.0,288.0,285.0,285.0,286.0,288.0,289.0,293.0
288.0,285.0,285.0,286.0,288.0,289.0,290.0,286.0
285.0,285.0,286.0,288.0,289.0,290.0,293.0,280.0
286.0,288.0,289.0,290.0,293.0,286.0,280.0,270.0
288.0,289.0,290.0,293.0,286.0,280.0,273.0,261.0
289.0,290.0,293.0,286.0,280.0,273.0,270.0,252.0
290.0,293.0,286.0,280.0,273.0,270.0,261.0,243.0
286.0,280.0,273.0,270.0,261.0,252.0,243.0,242.0
280.0,273.0,270.0,261.0,252.0,243.0,243.0,240.0
270.0,261.0,252.0,243.0,243.0,242.0,240.0,237.0
261.0,252.0,243.0,243.0,242.0,240.0,240.0,239.0
252.0,243.0,243.0,242.0,240.0,240.0,237.0,247.0
240.0,240.0,237.0,239.0,247.0,250.0,251.0,253.0
240.0,237.0,239.0,247.0,250.0,251.0,251.0,256.0
237.0,239.0,247.0,250.0,251.0,251.0,253.0,262.0
250.0,251.0,251.0,253.0,256.0,262.0,264.0,269.0
251.0,251.0,253.0,256.0,262.0,264.0,264.0,271.0
251.0,253.0,256.0,262.0,264.0,264.0,269.0,273.0
262.0,264.0,264.0,269.0,271.0,273.0,271.0,275.0
264.0,264.0,269.0,271.0,273.0,271.0,270.0,275.0
264.0,269.0,271.0,273.0,271.0,270.0,275.0,272.0
271.0,273.0,271.0,270.0,275.0,275.0,272.0,278.0
273.0,271.0,270.0,275.0,275.0,272.0,277.0,279.0
264.0,251.0,239.0,238.0,237.0,241.0,244.0,241.0
251.0,239.0,238.0,237.0,241.0,244.0,242.0,238.0
239.0,238.0,237.0,241.0,244.0,242.0,241.0,237.0
238.0,237.0,241.0,244.0,242.0,241.0,238.0,236.0
241.0,244.0,242.0,241.0,238.0,237.0,236.0,228.0
244.0,242.0,241.0,238.0,237.0,236.0,233.0,224.0
241.0,238.0,237.0,236.0,233.0,228.0,224.0,221.0
238.0,237.0,236.0,233.0,228.0,224.0,224.0,223.0
236.0,233.0,228.0,224.0,224.0,221.0,223.0,237.0
233.0,228.0,224.0,224.0,221.0,223.0,233.0,240.0
228.0,224.0,224.0,221.0,223.0,233.0,237.0,240.0
224.0,221.0,223.0,233.0,237.0,240.0,240.0,235.0
221.0,223.0,233.0,237.0,240.0,240.0,241.0,232.0
223.0,233.0,237.0,240.0,240.0,241.0,235.0,228.0
233.0,237.0,240.0,240.0,241.0,235.0,232.0,229.0
237.0,240.0,240.0,241.0,235.0,232.0,228.0,228.0
240.0,240.0,241.0,235.0,232.0,228.0,229.0,225.0
241.0,235.0,232.0,228.0,229.0,228.0,225.0,224.0
228.0,229.0,228.0,225.0,224.0,224.0,225.0,234.0
229.0,228.0,225.0,224.0,224.0,225.0,230.0,238.0
228.0,225.0,224.0,224.0,225.0,230.0,234.0,236.0
225.0,224.0,224.0,225.0,230.0,234.0,238.0,236.0
224.0,225.0,230.0,234.0,238.0,236.0,236.0,241.0
225.0,230.0,234.0,238.0,236.0,236.0,239.0,247.0
161.0,136.0,135.0,146.0,141.0,138.0,130.0,128.0
136.0,135.0,146.0,141.0,138.0,130.0,130.0,123.0
135.0,146.0,141.0,138.0,130.0,130.0,128.0,121.0
141.0,138.0,130.0,130.0,128.0,123.0,121.0,121.0
138.0,130.0,130.0,128.0,123.0,121.0,121.0,127.0
130.0,130.0,128.0,123.0,121.0,121.0,121.0,131.0
130.0,128.0,123.0,121.0,121.0,121.0,127.0,132.0
128.0,123.0,121.0,121.0,121.0,127.0,131.0,133.0
123.0,121.0,121.0,121.0,127.0,131.0,132.0,135.0
121.0,121.0,121.0,127.0,131.0,132.0,133.0,138.0
121.0,121.0,127.0,131.0,132.0,133.0,135.0,139.0
121.0,127.0,131.0,132.0,133.0,135.0,138.0,138.0
131.0,132.0,133.0,135.0,138.0,139.0,138.0,149.0
132.0,133.0,135.0,138.0,139.0,138.0,141.0,145.0
138.0,139.0,138.0,141.0,149.0,145.0,139.0,136.0
139.0,138.0,141.0,149.0,145.0,139.0,138.0,145.0
138.0,141.0,149.0,145.0,139.0,138.0,136.0,149.0
141.0,149.0,145.0,139.0,138.0,136.0,145.0,150.0
149.0,145.0,139.0,138.0,136.0,145.0,149.0,153.0
145.0,139.0,138.0,136.0,145.0,149.0,150.0,153.0
139.0,138.0,136.0,145.0,149.0,150.0,153.0,159.0
138.0,136.0,145.0,149.0,150.0,153.0,153.0,157.0
136.0,145.0,149.0,150.0,153.0,153.0,159.0,154.0
145.0,149.0,150.0,153.0,153.0,159.0,157.0,163.0
149.0,150.0,153.0,153.0,159.0,157.0,154.0,164.0
153.0,153.0,159.0,157.0,154.0,163.0,164.0,170.0
153.0,159.0,157.0,154.0,163.0,164.0,165.0,179.0
159.0,157.0,154.0,163.0,164.0,165.0,170.0,183.0
157.0,154.0,163.0,164.0,165.0,170.0,179.0,191.0
154.0,163.0,164.0,165.0,170.0,179.0,183.0,192.0
140.0,141.0,140.0,138.0,137.0,144.0,147.0,140.0
141.0,140.0,138.0,137.0,144.0,147.0,147.0,129.0
140.0,138.0,137.0,144.0,147.0,147.0,140.0,124.0
138.0,137.0,144.0,147.0,147.0,140.0,129.0,125.0
137.0,144.0,147.0,147.0,140.0,129.0,124.0,112.0
144.0,147.0,147.0,140.0,129.0,124.0,125.0,129.0
147.0,147.0,140.0,129.0,124.0,125.0,112.0,137.0
147.0,140.0,129.0,124.0,125.0,112.0,129.0,146.0
140.0,129.0,124.0,125.0,112.0,129.0,137.0,153.0
129.0,124.0,125.0,112.0,129.0,137.0,146.0,157.0
124.0,125.0,112.0,129.0,137.0,146.0,153.0,159.0
125.0,112.0,129.0,137.0,146.0,153.0,157.0,162.0
112.0,129.0,137.0,146.0,153.0,157.0,159.0,164.0
129.0,137.0,146.0,153.0,157.0,159.0,162.0,165.0
146.0,153.0,157.0,159.0,162.0,164.0,165.0,180.0
157.0,159.0,162.0,164.0,165.0,173.0,180.0,180.0
159.0,162.0,164.0,165.0,173.0,180.0,180.0,182.0
164.0,165.0,173.0,180.0,180.0,180.0,182.0,184.0
180.2,182.2,184.0,183.3,175.9090909090909,165.0,158.2,143.0
175.9090909090909,165.0,158.2,150.27272727272728,143.0,145.8,134.8,131.0
158.2,150.27272727272728,143.0,145.8,134.8,132.8181818181818,131.0,131.0
154.0,154.0,150.0,157.0,173.0,188.0,196.0,199.0
154.0,150.0,157.0,173.0,188.0,196.0,199.0,200.0
150.0,157.0,173.0,188.0,196.0,199.0,199.0,199.0
157.0,173.0,188.0,196.0,199.0,199.0,200.0,199.0
188.0,196.0,199.0,199.0,200.0,199.0,199.0,201.0
196.0,199.0,199.0,200.0,199.0,199.0,200.0,200.0
199.0,199.0,200.0,199.0,199.0,200.0,201.0,198.0
199.0,200.0,199.0,199.0,200.0,201.0,200.0,193.0
200.0,199.0,199.0,200.0,201.0,200.0,198.0,191.0
199.0,199.0,200.0,201.0,200.0,198.0,193.0,190.0
201.0,200.0,198.0,193.0,191.0,190.0,189.0,187.0
200.0,198.0,193.0,191.0,190.0,189.0,189.0,186.0
198.0,193.0,191.0,190.0,189.0,189.0,187.0,183.0
193.0,191.0,190.0,189.0,189.0,187.0,186.0,181.0
191.0,190.0,189.0,189.0,187.0,186.0,183.0,178.0
189.0,189.0,187.0,186.0,183.0,181.0,178.0,170.0
189.0,187.0,186.0,183.0,181.0,178.0,172.0,168.0
187.0,186.0,183.0,181.0,178.0,172.0,170.0,154.0
186.0,183.0,181.0,178.0,172.0,170.0,168.0,146.0
181.0,178.0,172.0,170.0,168.0,154.0,146.0,132.0
178.0,172.0,170.0,168.0,154.0,146.0,140.0,124.0
172.0,170.0,168.0,154.0,146.0,140.0,132.0,118.0
170.0,168.0,154.0,146.0,140.0,132.0,124.0,116.0
168.0,154.0,146.0,140.0,132.0,124.0,118.0,113.0
154.0,146.0,140.0,132.0,124.0,118.0,116.0,113.0
146.0,140.0,132.0,124.0,118.0,116.0,113.0,112.0
118.0,116.0,113.0,113.0,112.0,106.0,107.0,114.0
116.0,113.0,113.0,112.0,106.0,107.0,108.0,113.0
195.0,175.0,150.0,141.0,133.0,132.0,138.0,140.0
150.0,141.0,133.0,132.0,138.0,141.0,140.0,135.0
141.0,133.0,132.0,138.0,141.0,140.0,136.0,137.0
133.0,132.0,138.0,141.0,140.0,136.0,135.0,139.0
132.0,138.0,141.0,140.0,136.0,135.0,137.0,137.0
138.0,141.0,140.0,136.0,135.0,137.0,139.0,144.0
140.0,136.0,135.0,137.0,139.0,137.0,144.0,156.0
136.0,135.0,137.0,139.0,137.0,144.0,151.0,162.0
135.0,137.0,139.0,137.0,144.0,151.0,156.0,180.0
137.0,144.0,151.0,156.0,162.0,180.0,183.0,184.0
144.0,151.0,156.0,162.0,180.0,183.0,184.0,184.0
151.0,156.0,162.0,180.0,183.0,184.0,184.0,189.0
156.0,162.0,180.0,183.0,184.0,184.0,184.0,190.0
162.0,180.0,183.0,184.0,184.0,184.0,189.0,191.0
180.0,183.0,184.0,184.0,184.0,189.0,190.0,188.0
183.0,184.0,184.0,184.0,189.0,190.0,191.0,189.0
184.0,184.0,184.0,189.0,190.0,191.0,188.0,189.0
184.0,184.0,189.0,190.0,191.0,188.0,189.0,188.0
184.0,189.0,190.0,191.0,188.0,189.0,189.0,187.0
189.0,190.0,191.0,188.0,189.0,189.0,188.0,186.0
190.0,191.0,188.0,189.0,189.0,188.0,187.0,188.0
191.0,188.0,189.0,189.0,188.0,187.0,186.0,188.0
188.0,189.0,189.0,188.0,187.0,186.0,188.0,193.0
189.0,188.0,187.0,186.0,188.0,188.0,193.0,197.0
187.0,186.0,188.0,188.0,193.0,195.0,197.0,214.0
186.0,188.0,188.0,193.0,195.0,197.0,199.0,214.0
188.0,193.0,195.0,197.0,199.0,214.0,214.0,212.0
280.0,279.0,270.0,264.0,260.0,259.0,258.0,248.0
279.0,270.0,264.0,260.0,259.0,258.0,260.0,241.0
270.0,264.0,260.0,259.0,258.0,260.0,248.0,231.0
259.0,258.0,260.0,248.0,241.0,231.0,233.0,224.0
258.0,260.0,248.0,241.0,231.0,233.0,234.0,212.0
260.0,248.0,241.0,231.0,233.0,234.0,224.0,195.0
241.0,231.0,233.0,234.0,224.0,212.0,195.0,180.0
231.0,233.0,234.0,224.0,212.0,195.0,196.0,168.0
233.0,234.0,224.0,212.0,195.0,196.0,180.0,161.0
234.0,224.0,212.0,195.0,196.0,180.0,168.0,161.0
224.0,212.0,195.0,196.0,180.0,168.0,161.0,161.0
196.0,180.0,168.0,161.0,161.0,161.0,153.0,137.0
180.0,168.0,161.0,161.0,161.0,153.0,146.0,132.0
168.0,161.0,161.0,161.0,153.0,146.0,137.0,130.0
161.0,161.0,161.0,153.0,146.0,137.0,132.0,133.0
161.0,153.0,146.0,137.0,132.0,130.0,133.0,136.0
153.0,146.0,137.0,132.0,130.0,133.0,135.0,134.0
137.0,132.0,130.0,133.0,135.0,136.0,134.0,133.0
132.0,130.0,133.0,135.0,136.0,134.0,133.0,138.0
130.0,133.0,135.0,136.0,134.0,133.0,133.0,142.0
133.0,135.0,136.0,134.0,133.0,133.0,138.0,148.0
134.0,133.0,133.0,138.0,142.0,148.0,154.0,161.0
133.0,133.0,138.0,142.0,148.0,154.0,158.0,163.0
133.0,138.0,142.0,148.0,154.0,158.0,161.0,167.0
138.0,142.0,148.0,154.0,158.0,161.0,163.0,165.0
148.0,154.0,158.0,161.0,163.0,167.0,165.0,145.0
154.0,152.0,153.0,115.0,93.0,147.0,156.0,157.0
152.0,153.0,115.0,93.0,147.0,156.0,156.0,170.0
153.0,115.0,93.0,147.0,156.0,156.0,157.0,187.0
115.0,93.0,147.0,156.0,156.0,157.0,170.0,198.0
93.0,147.0,156.0,156.0,157.0,170.0,187.0,205.0
147.0,156.0,156.0,157.0,170.0,187.0,198.0,213.0
156.0,157.0,170.0,187.0,198.0,205.0,213.0,218.0
157.0,170.0,187.0,198.0,205.0,213.0,212.0,220.0
170.0,187.0,198.0,205.0,213.0,212.0,218.0,227.0
187.0,198.0,205.0,213.0,212.0,218.0,220.0,233.0
205.0,213.0,212.0,218.0,220.0,227.0,233.0,247.0
213.0,212.0,218.0,220.0,227.0,233.0,239.0,250.0
212.0,218.0,220.0,227.0,233.0,239.0,247.0,262.0
218.0,220.0,227.0,233.0,239.0,247.0,250.0,281.0
227.0,233.0,239.0,247.0,250.0,262.0,281.0,286.0
233.0,239.0,247.0,250.0,262.0,281.0,286.0,276.0
239.0,247.0,250.0,262.0,281.0,286.0,286.0,274.0
247.0,250.0,262.0,281.0,286.0,286.0,276.0,280.0
250.0,262.0,281.0,286.0,286.0,276.0,274.0,280.0
286.0,286.0,276.0,274.0,280.0,280.0,273.0,239.0
286.0,276.0,274.0,280.0,280.0,273.0,268.0,275.0
276.0,274.0,280.0,280.0,273.0,268.0,239.0,276.0
280.0,273.0,268.0,239.0,275.0,276.0,280.0,273.0
273.0,268.0,239.0,275.0,276.0,280.0,273.0,273.0
268.0,239.0,275.0,276.0,280.0,273.0,273.0,272.0
239.0,275.0,276.0,280.0,273.0,273.0,273.0,271.0
275.0,276.0,280.0,273.0,273.0,273.0,272.0,274.0
276.0,280.0,273.0,273.0,273.0,272.0,271.0,275.0
241.0,185.0,173.0,170.0,167.0,192.0,187.0,181.0
185.0,173.0,170.0,167.0,192.0,187.0,180.0,181.0
173.0,170.0,167.0,192.0,187.0,180.0,181.0,174.0
192.0,187.0,180.0,181.0,181.0,174.0,170.0,168.0
187.0,180.0,181.0,181.0,174.0,170.0,168.0,170.0
180.0,181.0,181.0,174.0,170.0,168.0,168.0,171.0
181.0,181.0,174.0,170.0,168.0,168.0,170.0,165.0
181.0,174.0,170.0,168.0,168.0,170.0,171.0,173.0
174.0,170.0,168.0,168.0,170.0,171.0,165.0,177.0
170.0,171.0,165.0,173.0,177.0,169.0,164.0,147.0
171.0,165.0,173.0,177.0,169.0,164.0,150.0,147.0
165.0,173.0,177.0,169.0,164.0,150.0,147.0,148.0
169.0,164.0,150.0,147.0,147.0,148.0,151.0,178.0
147.0,148.0,151.0,166.0,178.0,182.0,183.0,192.0
148.0,151.0,166.0,178.0,182.0,183.0,182.0,180.0
151.0,166.0,178.0,182.0,183.0,182.0,192.0,198.0
166.0,178.0,182.0,183.0,182.0,192.0,180.0,209.0
182.0,183.0,182.0,192.0,180.0,198.0,209.0,214.0
183.0,182.0,192.0,180.0,198.0,209.0,211.0,212.0
182.0,192.0,180.0,198.0,209.0,211.0,214.0,211.0
180.0,198.0,209.0,211.0,214.0,212.0,211.0,218.0
209.0,211.0,214.0,212.0,211.0,215.0,218.0,233.0
269.0,265.0,268.0,268.0,274.0,282.0,283.0,281.0
268.0,268.0,274.0,282.0,283.0,284.0,281.0,288.0
268.0,274.0,282.0,283.0,284.0,281.0,285.0,288.0
282.0,283.0,284.0,281.0,285.0,288.0,288.0,297.0
283.0,284.0,281.0,285.0,288.0,288.0,293.0,294.0
284.0,281.0,285.0,288.0,288.0,293.0,297.0,287.0
281.0,285.0,288.0,288.0,293.0,297.0,294.0,281.0
285.0,288.0,288.0,293.0,297.0,294.0,287.0,277.0
288.0,288.0,293.0,297.0,294.0,287.0,281.0,271.0
293.0,297.0,294.0,287.0,281.0,277.0,271.0,262.0
297.0,294.0,287.0,281.0,277.0,271.0,263.0,255.0
294.0,287.0,281.0,277.0,271.0,263.0,262.0,255.0
277.0,271.0,263.0,262.0,255.0,255.0,254.0,261.0
271.0,263.0,262.0,255.0,255.0,254.0,256.0,257.0
263.0,262.0,255.0,255.0,254.0,256.0,261.0,248.0
262.0,255.0,255.0,254.0,256.0,261.0,257.0,248.0
255.0,254.0,256.0,261.0,257.0,248.0,248.0,248.0
254.0,256.0,261.0,257.0,248.0,248.0,248.0,246.0
256.0,261.0,257.0,248.0,248.0,248.0,248.0,244.0
261.0,257.0,248.0,248.0,248.0,248.0,246.0,241.0
257.0,248.0,248.0,248.0,248.0,246.0,244.0,239.0
248.0,248.0,248.0,248.0,246.0,244.0,241.0,242.0
248.0,248.0,248.0,246.0,244.0,241.0,239.0,233.0
248.0,248.0,246.0,244.0,241.0,239.0,242.0,231.0
248.0,246.0,244.0,241.0,239.0,242.0,233.0,231.0
246.0,244.0,241.0,239.0,242.0,233.0,231.0,231.0
244.0,241.0,239.0,242.0,233.0,231.0,231.0,238.0
159.8,166.8,165.6,169.3,151.3,125.8,116.0,129.0
166.8,165.6,169.3,151.3,125.8,116.0,125.36363636363636,126.0
169.3,151.3,125.8,116.0,125.36363636363636,129.0,126.0,108.0
151.3,125.8,116.0,125.36363636363636,129.0,126.0,121.0,100.0
116.0,125.36363636363636,129.0,126.0,121.0,108.0,100.0,102.0
126.0,121.0,108.0,100.0,106.54545454545455,102.0,95.63636363636364,90.0
121.0,108.0,100.0,106.54545454545455,102.0,95.63636363636364,92.0,88.0
100.0,106.54545454545455,102.0,95.63636363636364,92.0,90.0,88.0,112.0
121.0,119.0,108.0,108.0,77.0,86.0,96.0,98.0
119.0,108.0,108.0,77.0,86.0,96.0,98.0,105.0
108.0,108.0,77.0,86.0,96.0,98.0,98.0,107.0
77.0,86.0,96.0,98.0,98.0,105.0,107.0,112.0
86.0,96.0,98.0,98.0,105.0,107.0,109.0,103.0
98.0,105.0,107.0,109.0,112.0,103.0,103.0,125.0
105.0,107.0,109.0,112.0,103.0,103.0,122.0,131.0
109.0,112.0,103.0,103.0,122.0,125.0,131.0,134.0
274.0,287.0,286.0,280.0,270.0,267.0,238.0,215.0
287.0,286.0,280.0,270.0,267.0,238.0,240.0,254.0
286.0,280.0,270.0,267.0,238.0,240.0,215.0,266.0
280.0,270.0,267.0,238.0,240.0,215.0,254.0,267.0
270.0,267.0,238.0,240.0,215.0,254.0,266.0,271.0
215.0,254.0,266.0,267.0,271.0,266.0,263.0,255.0
254.0,266.0,267.0,271.0,266.0,263.0,267.0,243.0
267.0,271.0,266.0,263.0,267.0,255.0,243.0,243.0
263.0,267.0,255.0,243.0,242.0,243.0,245.0,271.0
255.0,243.0,242.0,243.0,245.0,270.0,271.0,264.0
243.0,245.0,270.0,271.0,260.0,264.0,249.0,243.0
245.0,270.0,271.0,260.0,264.0,249.0,241.0,243.0
270.0,271.0,260.0,264.0,249.0,241.0,243.0,225.0
260.0,264.0,249.0,241.0,243.0,243.0,225.0,224.0
243.0,225.0,220.0,224.0,198.0,199.0,212.0,200.0
225.0,220.0,224.0,198.0,199.0,212.0,201.0,197.0
220.0,224.0,198.0,199.0,212.0,201.0,200.0,192.0
224.0,198.0,199.0,212.0,201.0,200.0,197.0,188.0
198.0,199.0,212.0,201.0,200.0,197.0,192.0,186.0
212.0,201.0,200.0,197.0,192.0,188.0,186.0,180.0
201.0,200.0,197.0,192.0,188.0,186.0,190.0,187.0
277.0,272.0,261.0,243.0,224.0,225.0,228.0,223.0
272.0,261.0,243.0,224.0,225.0,228.0,236.0,219.0
261.0,243.0,224.0,225.0,228.0,236.0,223.0,213.0
243.0,224.0,225.0,228.0,236.0,223.0,219.0,203.0
224.0,225.0,228.0,236.0,223.0,219.0,213.0,194.0
225.0,228.0,236.0,223.0,219.0,213.0,203.0,185.0
228.0,236.0,223.0,219.0,213.0,203.0,194.0,175.0
223.0,219.0,213.0,203.0,194.0,185.0,175.0,158.0
219.0,213.0,203.0,194.0,185.0,175.0,169.0,154.0
213.0,203.0,194.0,185.0,175.0,169.0,158.0,153.0
203.0,194.0,185.0,175.0,169.0,158.0,154.0,150.0
194.0,185.0,175.0,169.0,158.0,154.0,153.0,148.0
185.0,175.0,169.0,158.0,154.0,153.0,150.0,145.0
158.0,154.0,153.0,150.0,148.0,145.0,144.0,140.0
154.0,153.0,150.0,148.0,145.0,144.0,142.0,137.0
153.0,150.0,148.0,145.0,144.0,142.0,140.0,129.0
150.0,148.0,145.0,144.0,142.0,140.0,137.0,125.0
148.0,145.0,144.0,142.0,140.0,137.0,129.0,124.0
145.0,144.0,142.0,140.0,137.0,129.0,125.0,123.0
144.0,142.0,140.0,137.0,129.0,125.0,124.0,121.0
142.0,140.0,137.0,129.0,125.0,124.0,123.0,121.0
140.0,137.0,129.0,125.0,124.0,123.0,121.0,115.0
137.0,129.0,125.0,124.0,123.0,121.0,121.0,119.0
129.0,125.0,124.0,123.0,121.0,121.0,115.0,119.0
124.0,123.0,121.0,121.0,115.0,119.0,119.0,117.0
123.0,121.0,121.0,115.0,119.0,119.0,117.0,121.0
115.0,119.0,119.0,117.0,117.0,121.0,128.0,137.0
119.0,117.0,117.0,121.0,128.0,128.0,137.0,146.0
117.0,117.0,121.0,128.0,128.0,137.0,142.0,157.0
115.0,110.0,107.0,104.0,101.0,94.0,85.0,77.0
110.0,107.0,104.0,101.0,94.0,85.0,81.0,72.0
107.0,104.0,101.0,94.0,85.0,81.0,77.0,75.0
94.0,85.0,81.0,77.0,72.0,75.0,91.0,105.0
85.0,81.0,77.0,72.0,75.0,91.0,102.0,105.0
81.0,77.0,72.0,75.0,91.0,102.0,105.0,102.0
77.0,72.0,75.0,91.0,102.0,105.0,105.0,99.0
72.0,75.0,91.0,102.0,105.0,105.0,102.0,96.0
91.0,102.0,105.0,105.0,102.0,99.0,96.0,98.0
102.0,105.0,105.0,102.0,99.0,96.0,96.0,102.0
105.0,102.0,99.0,96.0,96.0,98.0,102.0,107.0
102.0,99.0,96.0,96.0,98.0,102.0,106.0,109.0
99.0,96.0,96.0,98.0,102.0,106.0,107.0,111.0
96.0,98.0,102.0,106.0,107.0,109.0,111.0,113.0
98.0,102.0,106.0,107.0,109.0,111.0,113.0,116.0
102.0,106.0,107.0,109.0,111.0,113.0,113.0,120.0
107.0,109.0,111.0,113.0,113.0,116.0,120.0,121.0
109.0,111.0,113.0,113.0,116.0,120.0,121.0,126.0
111.0,113.0,113.0,116.0,120.0,121.0,121.0,126.0
113.0,116.0,120.0,121.0,121.0,126.0,126.0,141.0
120.0,121.0,121.0,126.0,126.0,139.0,141.0,142.0
121.0,121.0,126.0,126.0,139.0,141.0,138.0,151.0
121.0,126.0,126.0,139.0,141.0,138.0,142.0,153.0
126.0,126.0,139.0,141.0,138.0,142.0,151.0,157.0
139.0,141.0,138.0,142.0,151.0,153.0,157.0,155.0
81.0,71.0,62.81818181818182,71.0,91.0,104.0,103.0,99.0
71.0,62.81818181818182,71.0,91.0,104.0,103.0,100.0,99.0
71.0,91.0,104.0,103.0,100.0,99.0,99.0,104.0
91.0,104.0,103.0,100.0,99.0,99.0,102.0,107.0
115.0,118.0,114.0,123.0,129.0,131.0,131.0,111.0
118.0,114.0,123.0,129.0,131.0,131.0,130.0,126.0
114.0,123.0,129.0,131.0,131.0,130.0,111.0,132.0
123.0,129.0,131.0,131.0,130.0,111.0,126.0,138.0
129.0,131.0,131.0,130.0,111.0,126.0,132.0,139.0
131.0,131.0,130.0,111.0,126.0,132.0,138.0,142.0
131.0,130.0,111.0,126.0,132.0,138.0,139.0,147.0
130.0,111.0,126.0,132.0,138.0,139.0,142.0,157.0
111.0,126.0,132.0,138.0,139.0,142.0,147.0,165.0
132.0,138.0,139.0,142.0,147.0,157.0,165.0,159.0
138.0,139.0,142.0,147.0,157.0,165.0,156.0,163.0
139.0,142.0,147.0,157.0,165.0,156.0,159.0,160.0
142.0,147.0,157.0,165.0,156.0,159.0,163.0,169.0
147.0,157.0,165.0,156.0,159.0,163.0,160.0,168.0
157.0,165.0,156.0,159.0,163.0,160.0,169.0,166.0
165.0,156.0,159.0,163.0,160.0,169.0,168.0,165.0
161.0,165.0,166.0,166.0,164.0,165.0,166.0,164.0
165.0,166.0,166.0,164.0,165.0,166.0,165.0,162.0
166.0,166.0,164.0,165.0,166.0,165.0,164.0,160.0
164.0,165.0,166.0,165.0,164.0,162.0,160.0,155.0
165.0,166.0,165.0,164.0,162.0,160.0,158.0,152.0
165.0,164.0,162.0,160.0,158.0,155.0,152.0,146.0
164.0,162.0,160.0,158.0,155.0,152.0,148.0,141.0
162.0,160.0,158.0,155.0,152.0,148.0,146.0,140.0
158.0,155.0,152.0,148.0,146.0,141.0,140.0,141.0
155.0,152.0,148.0,146.0,141.0,140.0,141.0,141.0
152.0,148.0,146.0,141.0,140.0,141.0,141.0,141.0
148.0,146.0,141.0,140.0,141.0,141.0,141.0,143.0
146.0,141.0,140.0,141.0,141.0,141.0,141.0,142.0
141.0,141.0,141.0,143.0,142.0,137.0,134.0,131.0
141.0,141.0,143.0,142.0,137.0,134.0,133.0,128.0
141.0,143.0,142.0,137.0,134.0,133.0,131.0,126.0
142.0,137.0,134.0,133.0,131.0,128.0,126.0,120.0
134.0,133.0,131.0,128.0,126.0,123.0,120.0,117.0
131.0,128.0,126.0,123.0,120.0,118.0,117.0,111.0
128.0,126.0,123.0,120.0,118.0,117.0,113.0,105.0
126.0,123.0,120.0,118.0,117.0,113.0,111.0,102.0
123.0,120.0,118.0,117.0,113.0,111.0,105.0,101.0
120.0,118.0,117.0,113.0,111.0,105.0,102.0,102.0
113.0,111.0,105.0,102.0,101.0,102.0,102.0,105.0
111.0,105.0,102.0,101.0,102.0,102.0,103.0,108.0
155.0,149.0,145.0,140.0,115.0,121.0,121.0,120.0
149.0,145.0,140.0,115.0,121.0,121.0,118.0,120.0
145.0,140.0,115.0,121.0,121.0,118.0,120.0,120.0
115.0,121.0,121.0,118.0,120.0,120.0,120.0,122.0
121.0,121.0,118.0,120.0,120.0,120.0,121.0,123.0
118.0,120.0,120.0,120.0,121.0,122.0,123.0,112.0
120.0,120.0,120.0,121.0,122.0,123.0,121.0,110.0
120.0,121.0,122.0,123.0,121.0,112.0,110.0,113.0
121.0,112.0,110.0,111.0,113.0,116.0,123.0,125.0
112.0,110.0,111.0,113.0,116.0,123.0,125.0,123.0
110.0,111.0,113.0,116.0,123.0,125.0,125.0,124.0
111.0,113.0,116.0,123.0,125.0,125.0,123.0,124.0
116.0,123.0,125.0,125.0,123.0,124.0,124.0,128.0
123.0,125.0,125.0,123.0,124.0,124.0,129.0,132.0
125.0,125.0,123.0,124.0,124.0,129.0,128.0,139.0
125.0,123.0,124.0,124.0,129.0,128.0,132.0,144.0
123.0,124.0,124.0,129.0,128.0,132.0,139.0,147.0
124.0,124.0,129.0,128.0,132.0,139.0,144.0,147.0
124.0,129.0,128.0,132.0,139.0,144.0,147.0,150.0
129.0,128.0,132.0,139.0,144.0,147.0,147.0,152.0
128.0,132.0,139.0,144.0,147.0,147.0,150.0,156.0
132.0,139.0,144.0,147.0,147.0,150.0,152.0,161.0
144.0,147.0,147.0,150.0,152.0,156.0,161.0,170.0
159.0,161.0,166.0,164.0,166.0,157.0,152.0,147.0
166.0,164.0,166.0,157.0,152.0,148.0,147.0,150.0
166.0,157.0,152.0,148.0,147.0,145.0,150.0,138.0
148.0,147.0,145.0,150.0,151.0,138.0,132.0,129.0
147.0,145.0,150.0,151.0,138.0,132.0,129.0,129.0
150.0,151.0,138.0,132.0,129.0,129.0,129.0,144.0
151.0,138.0,132.0,129.0,129.0,129.0,137.0,146.0
138.0,132.0,129.0,129.0,129.0,137.0,144.0,150.0
132.0,129.0,129.0,129.0,137.0,144.0,146.0,150.0
129.0,129.0,129.0,137.0,144.0,146.0,150.0,148.0
129.0,129.0,137.0,144.0,146.0,150.0,150.0,148.0
129.0,137.0,144.0,146.0,150.0,150.0,148.0,148.0
137.0,144.0,146.0,150.0,150.0,148.0,148.0,149.0
144.0,146.0,150.0,150.0,148.0,148.0,148.0,150.0
146.0,150.0,150.0,148.0,148.0,148.0,149.0,150.0
150.0,148.0,148.0,148.0,149.0,150.0,150.0,148.0
148.0,148.0,148.0,149.0,150.0,150.0,149.0,139.0
148.0,148.0,149.0,150.0,150.0,149.0,148.0,130.0
150.0,150.0,149.0,148.0,139.0,130.0,149.0,142.0
150.0,149.0,148.0,139.0,130.0,149.0,150.0,140.0
149.0,148.0,139.0,130.0,149.0,150.0,142.0,140.0
148.0,139.0,130.0,149.0,150.0,142.0,140.0,139.0
139.0,130.0,149.0,150.0,142.0,140.0,140.0,138.0
130.0,149.0,150.0,142.0,140.0,140.0,139.0,136.0
149.0,150.0,142.0,140.0,140.0,139.0,138.0,139.0
150.0,142.0,140.0,140.0,139.0,138.0,136.0,138.0
141.8,140.0,139.9,138.9,137.8,136.3,138.9,136.0
115.8,113.9090909090909,113.0,122.27272727272727,115.0,93.0,104.0,105.0
113.0,122.27272727272727,115.0,93.0,104.0,108.0,105.0,102.0
122.27272727272727,115.0,93.0,104.0,108.0,105.0,104.0,100.0
93.0,104.0,108.0,105.0,104.0,102.0,100.0,100.0
104.0,108.0,105.0,104.0,102.0,100.0,100.0,99.0
108.0,105.0,104.0,102.0,100.0,100.0,100.0,81.0
105.0,104.0,102.0,100.0,100.0,100.0,99.0,82.0
104.0,102.0,100.0,100.0,100.0,99.0,81.0,83.0
102.0,100.0,100.0,100.0,99.0,81.0,82.0,82.0
100.0,100.0,100.0,99.0,81.0,82.0,83.0,95.0
82.0,83.0,82.0,95.0,94.0,94.0,93.0,92.0
82.0,95.0,94.0,94.0,93.0,92.0,92.0,96.0
95.0,94.0,94.0,93.0,92.0,92.0,94.0,98.0
94.0,94.0,93.0,92.0,92.0,94.0,96.0,102.0
94.0,93.0,92.0,92.0,94.0,96.0,98.0,104.0
93.0,92.0,92.0,94.0,96.0,98.0,102.0,108.0
92.0,92.0,94.0,96.0,98.0,102.0,104.0,113.0
94.0,96.0,98.0,102.0,104.0,108.0,113.0,124.0
96.0,98.0,102.0,104.0,108.0,113.0,116.0,121.0
104.0,108.0,113.0,116.0,124.0,121.0,125.0,125.0
108.0,113.0,116.0,124.0,121.0,125.0,126.0,127.0
116.0,124.0,121.0,125.0,126.0,125.0,127.0,121.0
124.0,121.0,125.0,126.0,125.0,127.0,117.0,120.0
125.0,126.0,125.0,127.0,117.0,121.0,120.0,122.0
90.0,87.0,85.0,88.0,112.0,127.0,129.0,138.0
87.0,85.0,88.0,112.0,127.0,129.0,132.0,139.0
88.0,112.0,127.0,129.0,132.0,138.0,139.0,152.0
127.0,129.0,132.0,138.0,139.0,144.0,152.0,163.0
132.0,138.0,139.0,144.0,152.0,157.0,163.0,164.0
138.0,139.0,144.0,152.0,157.0,163.0,163.0,166.0
144.0,152.0,157.0,163.0,163.0,164.0,166.0,160.0
152.0,157.0,163.0,163.0,164.0,166.0,162.0,159.0
163.0,164.0,166.0,162.0,160.0,159.0,157.0,150.0
166.0,162.0,160.0,159.0,157.0,153.0,150.0,141.0
162.0,160.0,159.0,157.0,153.0,150.0,147.0,132.0
159.0,157.0,153.0,150.0,147.0,141.0,132.0,122.0
157.0,153.0,150.0,147.0,141.0,132.0,123.0,122.0
153.0,150.0,147.0,141.0,132.0,123.0,122.0,132.0
150.0,147.0,141.0,132.0,123.0,122.0,122.0,147.0
123.0,122.0,122.0,132.0,147.0,150.0,152.0,155.0
122.0,132.0,147.0,150.0,152.0,155.0,155.0,158.0
132.0,147.0,150.0,152.0,155.0,155.0,159.0,157.0
147.0,150.0,152.0,155.0,155.0,159.0,158.0,156.0
150.0,152.0,155.0,155.0,159.0,158.0,157.0,158.0
155.0,155.0,159.0,158.0,157.0,156.0,158.0,160.0
178.0,179.0,185.0,188.0,183.0,176.0,169.0,161.0
179.0,185.0,188.0,183.0,176.0,169.0,165.0,160.0
185.0,188.0,183.0,176.0,169.0,165.0,161.0,160.0
188.0,183.0,176.0,169.0,165.0,161.0,160.0,160.0
176.0,169.0,165.0,161.0,160.0,160.0,160.0,150.0
169.0,165.0,161.0,160.0,160.0,160.0,154.0,130.0
165.0,161.0,160.0,160.0,160.0,154.0,150.0,136.0
161.0,160.0,160.0,160.0,154.0,150.0,130.0,135.0
160.0,160.0,160.0,154.0,150.0,130.0,136.0,132.0
160.0,160.0,154.0,150.0,130.0,136.0,135.0,129.0
154.0,150.0,130.0,136.0,135.0,132.0,129.0,122.0
136.0,135.0,132.0,129.0,127.0,122.0,121.0,111.0
135.0,132.0,129.0,127.0,122.0,121.0,113.0,105.0
132.0,129.0,127.0,122.0,121.0,113.0,111.0,89.0
127.0,122.0,121.0,113.0,111.0,105.0,89.0,96.0
122.0,121.0,113.0,111.0,105.0,89.0,91.0,95.0
113.0,111.0,105.0,89.0,91.0,96.0,95.0,98.0
111.0,105.0,89.0,91.0,96.0,95.0,95.0,100.0
105.0,89.0,91.0,96.0,95.0,95.0,98.0,106.0
89.0,91.0,96.0,95.0,95.0,98.0,100.0,105.0
91.0,96.0,95.0,95.0,98.0,100.0,106.0,94.0
96.0,95.0,95.0,98.0,100.0,106.0,105.0,95.0
95.0,95.0,98.0,100.0,106.0,105.0,94.0,92.0
95.0,98.0,100.0,106.0,105.0,94.0,95.0,88.0
98.2,100.6,105.9,103.9,94.1,94.7,91.6,89.0
106.8,104.8,103.0,103.0,104.0,109.18181818181819,111.0,110.0
103.0,103.0,104.0,109.18181818181819,111.0,110.0,110.0,102.0
104.0,109.18181818181819,111.0,110.0,110.0,102.0,102.0,106.0
109.18181818181819,111.0,110.0,110.0,102.0,102.0,103.0,121.0
111.0,110.0,110.0,102.0,102.0,103.0,106.0,129.0
110.0,110.0,102.0,102.0,103.0,106.0,121.0,127.0
110.0,102.0,102.0,103.0,106.0,121.0,129.0,121.0
102.0,102.0,103.0,106.0,121.0,129.0,127.0,120.0
102.0,103.0,106.0,121.0,129.0,127.0,121.0,121.0
121.0,129.0,127.0,121.0,120.0,121.0,122.0,134.0
127.0,121.0,120.0,121.0,122.0,132.0,134.0,140.0
121.0,120.0,121.0,122.0,132.0,134.0,138.0,139.0
121.0,122.0,132.0,134.0,138.0,140.0,139.0,134.0
122.0,132.0,134.0,138.0,140.0,139.0,136.0,134.0
134.0,138.0,140.0,139.0,136.0,134.0,134.0,138.0
140.0,139.0,136.0,134.0,134.0,136.0,138.0,138.0
139.0,136.0,134.0,134.0,136.0,138.0,138.0,137.0
136.0,134.0,134.0,136.0,138.0,138.0,138.0,131.0
134.0,134.0,136.0,138.0,138.0,138.0,137.0,129.0
134.0,136.0,138.0,138.0,138.0,137.0,131.0,138.0
136.0,138.0,138.0,138.0,137.0,131.0,129.0,139.0
138.0,138.0,137.0,131.0,129.0,138.0,139.0,139.0
138.0,137.0,131.0,129.0,138.0,139.0,139.0,142.0
131.0,129.0,138.0,139.0,139.0,139.0,142.0,146.0
129.0,138.0,139.0,139.0,139.0,142.0,145.0,156.0
178.0,184.0,185.0,176.0,174.0,181.0,177.0,175.0
184.0,185.0,176.0,174.0,181.0,177.0,176.0,175.0
185.0,176.0,174.0,181.0,177.0,176.0,175.0,173.0
176.0,174.0,181.0,177.0,176.0,175.0,175.0,172.0
174.0,181.0,177.0,176.0,175.0,175.0,173.0,173.0
177.0,176.0,175.0,175.0,173.0,172.0,173.0,185.0
176.0,175.0,175.0,173.0,172.0,173.0,186.0,182.0
175.0,175.0,173.0,172.0,173.0,186.0,185.0,181.0
172.0,173.0,186.0,185.0,182.0,181.0,183.0,166.0
173.0,186.0,185.0,182.0,181.0,183.0,175.0,150.0
186.0,185.0,182.0,181.0,183.0,175.0,166.0,145.0
185.0,182.0,181.0,183.0,175.0,166.0,150.0,143.0
182.0,181.0,183.0,175.0,166.0,150.0,145.0,154.0
183.0,175.0,166.0,150.0,145.0,143.0,154.0,140.0
175.0,166.0,150.0,145.0,143.0,154.0,156.0,150.0
166.0,150.0,145.0,143.0,154.0,156.0,140.0,151.0
150.0,145.0,143.0,154.0,156.0,140.0,150.0,151.0
145.0,143.0,154.0,156.0,140.0,150.0,151.0,151.0
143.0,154.0,156.0,140.0,150.0,151.0,151.0,150.0
154.0,156.0,140.0,150.0,151.0,151.0,151.0,147.0
140.0,150.0,151.0,151.0,151.0,150.0,147.0,145.0
150.0,151.0,151.0,151.0,150.0,147.0,147.0,143.0
151.0,151.0,150.0,147.0,147.0,145.0,143.0,138.0
150.0,147.0,147.0,145.0,143.0,139.0,138.0,141.0
147.0,147.0,145.0,143.0,139.0,138.0,142.0,143.0
145.0,143.0,139.0,138.0,142.0,141.0,143.0,146.0
143.0,139.0,138.0,142.0,141.0,143.0,145.0,148.0
139.0,138.0,142.0,141.0,143.0,145.0,146.0,152.0
221.5,216.6,212.8,210.5,205.7,202.4,196.9090909090909,190.0
196.9090909090909,196.0,190.0,199.8,197.5,192.2,184.5,176.0
196.0909090909091,190.6,200.0,198.0,193.0,185.0,180.0,174.0
190.0,199.8,197.5,192.2,184.5,179.63636363636363,176.0,170.0
199.8,197.5,192.2,184.5,179.63636363636363,176.0,173.63636363636363,167.0
197.5,192.2,184.5,179.63636363636363,176.0,173.63636363636363,170.0,163.0
184.5,179.63636363636363,176.0,173.63636363636363,170.0,167.0,163.0,148.0
179.63636363636363,176.0,173.63636363636363,170.0,167.0,163.0,157.0,142.0
176.0,173.63636363636363,170.0,167.0,163.0,157.0,148.0,141.0
167.0,163.0,157.0,148.0,142.0,141.0,140.0,132.0
163.0,157.0,148.0,142.0,141.0,140.0,134.0,130.0
157.0,148.0,142.0,141.0,140.0,134.0,132.0,128.0
148.0,142.0,141.0,140.0,134.0,132.0,130.0,119.0
141.0,140.0,134.0,132.0,130.0,128.0,119.0,116.0
140.0,134.0,132.0,130.0,128.0,119.0,116.0,118.0
130.0,128.0,119.0,116.0,116.0,118.0,119.0,119.0
128.0,119.0,116.0,116.0,118.0,119.0,123.0,126.0
119.0,116.0,116.0,118.0,119.0,123.0,119.0,128.0
116.0,116.0,118.0,119.0,123.0,119.0,126.0,129.0
118.0,119.0,123.0,119.0,126.0,128.0,129.0,130.0
119.0,123.0,119.0,126.0,128.0,129.0,131.0,133.0
123.0,119.0,126.0,128.0,129.0,131.0,130.0,133.0
119.0,126.0,128.0,129.0,131.0,130.0,133.0,137.0
127.0,131.0,131.0,130.0,128.0,125.0,122.0,109.0
131.0,131.0,130.0,128.0,125.0,122.0,117.0,105.0
128.0,125.0,122.0,117.0,109.0,105.0,103.0,105.0
125.0,122.0,117.0,109.0,105.0,103.0,104.0,114.0
122.0,117.0,109.0,105.0,103.0,104.0,105.0,113.0
109.0,105.0,103.0,104.0,105.0,114.0,113.0,114.0
105.0,103.0,104.0,105.0,114.0,113.0,113.0,110.0
103.0,104.0,105.0,114.0,113.0,113.0,114.0,104.0
104.1,105.9,113.9,113.0,113.1,113.6,109.4,96.0
105.9,113.9,113.0,113.1,113.6,109.4,103.27272727272727,90.0
113.6,109.4,103.27272727272727,96.0,90.0,91.1,91.7,89.0
109.4,103.27272727272727,96.0,90.0,91.1,91.7,89.0,88.0
103.27272727272727,96.0,90.0,91.1,91.7,89.0,89.0,87.0
96.0,90.0,91.1,91.7,89.0,89.0,88.0,89.0
89.0,89.0,88.0,87.0,89.0,91.0,96.0,99.0
87.0,89.0,91.0,96.0,97.0,99.0,101.0,97.0
89.0,91.0,96.0,97.0,99.0,101.0,101.0,96.0
91.0,96.0,97.0,99.0,101.0,101.0,97.0,96.0
96.0,97.0,99.0,101.0,101.0,97.0,96.0,98.0
97.0,99.0,101.0,101.0,97.0,96.0,96.0,101.0
99.0,101.0,101.0,97.0,96.0,96.0,98.0,104.0
101.0,101.0,97.0,96.0,96.0,98.0,101.0,108.0
101.0,97.0,96.0,96.0,98.0,101.0,104.0,115.0
97.0,96.0,96.0,98.0,101.0,104.0,108.0,123.0
219.0,225.0,232.0,236.0,241.0,248.0,252.0,258.0
232.0,236.0,241.0,248.0,252.0,257.0,258.0,258.0
236.0,241.0,248.0,252.0,257.0,258.0,258.0,251.0
241.0,248.0,252.0,257.0,258.0,258.0,258.0,250.0
248.0,252.0,257.0,258.0,258.0,258.0,251.0,251.0
257.0,258.0,258.0,258.0,251.0,250.0,251.0,253.0
258.0,258.0,258.0,251.0,250.0,251.0,254.0,253.0
258.0,258.0,251.0,250.0,251.0,254.0,253.0,255.0
251.0,250.0,251.0,254.0,253.0,253.0,255.0,258.0
250.0,251.0,254.0,253.0,253.0,255.0,255.0,263.0
251.0,254.0,253.0,253.0,255.0,255.0,258.0,253.0
254.0,253.0,253.0,255.0,255.0,258.0,263.0,247.0
253.0,253.0,255.0,255.0,258.0,263.0,253.0,241.0
253.0,255.0,255.0,258.0,263.0,253.0,247.0,237.0
255.0,255.0,258.0,263.0,253.0,247.0,241.0,235.0
255.0,258.0,263.0,253.0,247.0,241.0,237.0,233.0
258.0,263.0,253.0,247.0,241.0,237.0,235.0,226.0
263.0,253.0,247.0,241.0,237.0,235.0,233.0,225.0
253.0,247.0,241.0,237.0,235.0,233.0,226.0,221.0
241.0,237.0,235.0,233.0,226.0,225.0,221.0,205.0
237.0,235.0,233.0,226.0,225.0,221.0,215.0,192.0
235.0,233.0,226.0,225.0,221.0,215.0,205.0,195.0
