244.0,234.0,235.0,233.0,234.0,236.0,234.0,234.0
245.0,236.0,233.0,234.0,236.0,234.0,233.0,235.0
245.0,235.0,234.0,236.0,234.0,233.0,234.0,229.0
234.0,233.0,236.0,234.0,233.0,234.0,235.0,224.0
235.9,234.2,233.9,233.1,234.1,234.4,228.5,223.0
233.1,233.9,234.1,234.4,228.5,223.9090909090909,223.0,223.0
234.2,233.1,234.4,228.5,223.9090909090909,223.0,223.9090909090909,222.0
235.8,234.1,228.5,223.9090909090909,223.0,223.9090909090909,223.0,223.0
233.9,234.4,223.9090909090909,223.0,223.9090909090909,223.0,222.0,220.0
234.1,223.9090909090909,223.9090909090909,223.0,222.0,223.0,220.0,217.0
234.4,223.0,223.0,222.0,223.0,220.0,219.0,213.0
228.5,223.9090909090909,222.0,223.0,220.0,219.0,217.0,209.0
223.0,222.0,220.0,219.0,217.0,213.0,209.0,200.0
223.9090909090909,223.0,219.0,217.0,213.0,209.0,206.0,197.0
223.0,220.0,217.0,213.0,209.0,206.0,200.0,196.0
222.0,219.0,213.0,209.0,206.0,200.0,197.0,194.0
220.0,213.0,206.0,200.0,197.0,196.0,194.0,195.0
217.0,206.0,197.0,196.0,194.0,193.0,195.0,195.0
209.0,197.0,194.0,193.0,195.0,195.0,195.0,189.0
206.0,196.0,193.0,195.0,195.0,195.0,190.0,188.0
200.0,194.0,195.0,195.0,195.0,190.0,189.0,187.0
197.0,193.0,195.0,195.0,190.0,189.0,188.0,187.0
196.0,195.0,195.0,190.0,189.0,188.0,187.0,186.0
193.0,195.0,189.0,188.0,187.0,187.0,186.0,180.0
195.0,190.0,188.0,187.0,187.0,186.0,183.0,167.0
195.0,189.0,187.0,187.0,186.0,183.0,180.0,164.0
190.0,187.0,186.0,183.0,180.0,167.0,164.0,162.0
189.0,187.0,183.0,180.0,167.0,164.0,163.0,169.0
210.0,195.0,191.0,191.0,186.0,184.0,179.0,160.0
205.0,188.0,191.0,186.0,184.0,179.0,169.0,151.0
200.0,191.0,186.0,184.0,179.0,169.0,160.0,145.0
195.0,191.0,184.0,179.0,169.0,160.0,151.0,143.0
191.0,184.0,169.0,160.0,151.0,145.0,143.0,140.0
191.0,179.0,160.0,151.0,145.0,143.0,141.0,140.0
186.0,169.0,151.0,145.0,143.0,141.0,140.0,145.0
184.0,160.0,145.0,143.0,141.0,140.0,140.0,146.0
179.0,151.0,143.0,141.0,140.0,140.0,145.0,142.0
169.0,145.0,141.0,140.0,140.0,145.0,146.0,139.0
151.0,141.0,140.0,145.0,146.0,142.0,139.0,135.0
143.0,140.0,146.0,142.0,139.0,138.0,135.0,125.0
141.0,145.0,142.0,139.0,138.0,135.0,130.0,123.0
140.0,146.0,139.0,138.0,135.0,130.0,125.0,123.0
145.0,139.0,135.0,130.0,125.0,123.0,123.0,115.0
146.0,138.0,130.0,125.0,123.0,123.0,116.0,113.0
142.0,135.0,125.0,123.0,123.0,116.0,115.0,109.0
139.0,130.0,123.0,123.0,116.0,115.0,113.0,109.0
138.0,125.0,123.0,116.0,115.0,113.0,109.0,102.0
135.0,123.0,116.0,115.0,113.0,109.0,109.0,98.0
130.0,123.0,115.0,113.0,109.0,109.0,102.0,94.0
123.0,113.0,109.0,102.0,98.0,94.0,89.0,94.0
116.0,109.0,102.0,98.0,94.0,89.0,91.0,93.0
109.0,98.0,89.0,91.0,94.0,93.0,97.0,118.0
109.0,94.0,91.0,94.0,93.0,97.0,107.0,128.0
102.0,89.0,94.0,93.0,97.0,107.0,118.0,126.0
98.0,91.0,93.0,97.0,107.0,118.0,128.0,123.0
169.1,155.6,146.8,144.8,142.8,140.8181818181818,139.0,138.0
169.3,151.5,144.8,142.8,140.8181818181818,139.0,138.0,146.0
155.6,144.8,140.8181818181818,139.0,138.0,138.0,146.0,136.0
142.8,138.0,146.0,142.36363636363637,136.0,136.0,130.0,122.0
139.0,146.0,136.0,136.0,130.0,124.0,122.0,120.0
138.0,142.36363636363637,136.0,130.0,124.0,122.0,120.0,126.0
138.0,136.0,130.0,124.0,122.0,120.0,120.0,131.0
146.0,136.0,124.0,122.0,120.0,120.0,126.0,136.0
142.36363636363637,130.0,122.0,120.0,120.0,126.0,131.0,137.0
136.0,124.0,120.0,120.0,126.0,131.0,136.0,137.0
130.0,120.0,126.0,131.0,136.0,137.0,137.0,127.0
122.0,126.0,136.0,137.0,137.0,128.0,127.0,128.0
120.0,131.0,137.0,137.0,128.0,127.0,127.0,116.0
126.0,137.0,128.0,127.0,127.0,128.0,116.0,117.0
131.0,137.0,127.0,127.0,128.0,116.0,117.0,117.0
136.0,128.0,127.0,128.0,116.0,117.0,117.0,116.0
128.0,128.0,117.0,117.0,117.0,116.0,112.0,104.0
127.0,116.0,117.0,117.0,116.0,112.0,107.0,105.0
133.0,132.0,125.0,119.0,116.0,116.0,115.0,112.0
133.0,125.0,116.0,116.0,115.0,117.0,112.0,109.0
130.0,116.0,115.0,117.0,112.0,111.0,109.0,103.0
119.0,115.0,112.0,111.0,109.0,105.0,103.0,98.0
116.0,112.0,109.0,105.0,103.0,100.0,98.0,96.0
115.0,111.0,105.0,103.0,100.0,98.0,96.0,90.0
117.0,109.0,103.0,100.0,98.0,96.0,96.0,88.0
112.0,105.0,100.0,98.0,96.0,96.0,90.0,83.0
109.0,100.0,96.0,96.0,90.0,88.0,83.0,82.0
105.0,98.0,96.0,90.0,88.0,83.0,81.0,90.0
103.0,96.0,90.0,88.0,83.0,81.0,82.0,118.0
100.0,96.0,88.0,83.0,81.0,82.0,90.0,139.0
98.0,90.0,83.0,81.0,82.0,90.0,118.0,159.0
96.0,88.0,81.0,82.0,90.0,118.0,139.0,173.0
96.0,83.0,82.0,90.0,118.0,139.0,159.0,189.0
90.0,81.0,90.0,118.0,139.0,159.0,173.0,200.0
83.0,90.0,139.0,159.0,173.0,189.0,200.0,215.0
81.0,118.0,159.0,173.0,189.0,200.0,209.0,215.0
90.0,159.0,189.0,200.0,209.0,215.0,215.0,213.0
118.0,173.0,200.0,209.0,215.0,215.0,214.0,212.0
139.0,189.0,209.0,215.0,215.0,214.0,213.0,212.0
159.0,200.0,215.0,215.0,214.0,213.0,212.0,208.0
173.0,209.0,215.0,214.0,213.0,212.0,212.0,203.0
189.0,215.0,214.0,213.0,212.0,212.0,208.0,203.0
215.0,213.0,212.0,208.0,203.0,203.0,204.0,203.0
210.0,211.0,212.0,210.0,210.0,211.0,211.0,200.0
209.0,214.0,210.0,210.0,211.0,211.0,205.0,197.0
210.0,212.0,210.0,211.0,211.0,205.0,200.0,198.0
211.0,210.0,211.0,211.0,205.0,200.0,197.0,198.0
214.0,210.0,211.0,205.0,200.0,197.0,198.0,198.0
212.0,211.0,205.0,200.0,197.0,198.0,198.0,199.0
211.0,197.0,198.0,198.0,199.0,198.0,197.0,189.0
205.0,198.0,198.0,199.0,198.0,197.0,195.0,185.0
200.0,198.0,199.0,198.0,197.0,195.0,189.0,180.0
197.0,198.0,198.0,197.0,195.0,189.0,185.0,181.0
198.0,198.0,195.0,189.0,185.0,180.0,181.0,170.0
198.9,194.4,184.5,180.1,180.9090909090909,180.0,170.0,168.0
184.5,180.0,169.8181818181818,168.0,166.0909090909091,167.0,162.0,152.0
180.9090909090909,169.8181818181818,166.0909090909091,167.0,162.0,158.0,152.0,151.0
180.0,168.0,167.0,162.0,158.0,152.0,151.0,152.0
169.8181818181818,167.0,158.0,152.0,151.0,151.0,152.0,146.0
168.0,162.0,152.0,151.0,151.0,152.0,147.0,148.0
140.8181818181818,150.9090909090909,138.0,141.0,147.0,164.0,177.0,196.0
149.0,140.0,141.0,147.0,164.0,177.0,189.63636363636363,214.0
169.1,138.0,147.0,164.0,177.0,189.63636363636363,196.0,222.0
150.9090909090909,141.0,164.0,177.0,189.63636363636363,196.0,214.0,226.0
140.0,147.0,177.0,189.63636363636363,196.0,214.0,222.0,211.0
164.0,196.0,222.0,226.0,211.0,210.0,223.0,215.0
177.0,214.0,226.0,211.0,210.0,223.0,216.0,214.0
189.63636363636363,222.0,211.0,210.0,223.0,216.0,215.0,215.0
196.0,226.0,210.0,223.0,216.0,215.0,214.0,220.0
214.0,211.0,223.0,216.0,215.0,214.0,215.0,225.0
222.0,210.0,216.0,215.0,214.0,215.0,220.0,222.0
226.0,223.0,215.0,214.0,215.0,220.0,225.0,241.0
211.0,216.0,214.0,215.0,220.0,225.0,222.0,238.0
223.0,214.0,220.0,225.0,222.0,241.0,238.0,240.0
215.0,220.0,222.0,241.0,238.0,238.0,240.0,244.0
214.0,225.0,241.0,238.0,238.0,240.0,241.0,226.0
215.0,222.0,238.0,238.0,240.0,241.0,244.0,232.0
225.0,238.0,240.0,241.0,244.0,226.0,232.0,241.0
222.0,238.0,241.0,244.0,226.0,232.0,242.0,218.0
241.0,240.0,244.0,226.0,232.0,242.0,241.0,198.0
238.0,241.0,226.0,232.0,242.0,241.0,218.0,227.0
238.0,244.0,232.0,242.0,241.0,218.0,198.0,241.0
240.0,226.0,242.0,241.0,218.0,198.0,227.0,238.0
241.0,232.0,241.0,218.0,198.0,227.0,241.0,235.0
244.0,242.0,218.0,198.0,227.0,241.0,238.0,235.0
226.0,241.0,198.0,227.0,241.0,238.0,235.0,238.0
151.0,173.0,174.0,170.0,169.0,186.0,189.0,190.0
165.0,173.0,170.0,169.0,186.0,189.0,187.0,192.0
173.0,174.0,169.0,186.0,189.0,187.0,190.0,196.0
173.0,170.0,186.0,189.0,187.0,190.0,192.0,196.0
173.0,169.0,189.0,187.0,190.0,192.0,196.0,196.0
174.0,186.0,187.0,190.0,192.0,196.0,196.0,196.0
170.0,189.0,190.0,192.0,196.0,196.0,196.0,197.0
169.0,187.0,192.0,196.0,196.0,196.0,196.0,197.0
186.0,190.0,196.0,196.0,196.0,196.0,197.0,197.0
190.0,196.0,196.0,197.0,197.0,197.0,198.0,188.0
196.0,196.0,197.0,197.0,198.0,190.0,188.0,188.0
196.0,197.0,197.0,198.0,190.0,188.0,192.0,186.0
196.0,197.0,198.0,190.0,188.0,192.0,188.0,192.0
196.0,197.0,190.0,188.0,192.0,188.0,186.0,192.0
197.0,198.0,188.0,192.0,188.0,186.0,192.0,193.0
197.0,190.0,192.0,188.0,186.0,192.0,192.0,189.0
197.0,188.0,188.0,186.0,192.0,192.0,193.0,188.0
198.0,192.0,186.0,192.0,192.0,193.0,189.0,186.0
188.0,186.0,192.0,193.0,189.0,188.0,186.0,185.0
188.0,192.0,189.0,188.0,186.0,185.0,185.0,189.0
186.0,193.0,188.0,186.0,185.0,185.0,188.0,189.0
192.0,189.0,186.0,185.0,185.0,188.0,189.0,189.0
192.0,188.0,185.0,185.0,188.0,189.0,189.0,189.0
193.0,186.0,185.0,188.0,189.0,189.0,189.0,189.0
189.0,185.0,188.0,189.0,189.0,189.0,189.0,192.0
188.0,185.0,189.0,189.0,189.0,189.0,189.0,193.0
186.0,188.0,189.0,189.0,189.0,189.0,192.0,194.0
185.0,189.0,189.0,189.0,192.0,193.0,194.0,191.0
188.0,189.0,189.0,192.0,193.0,194.0,195.0,189.0
189.0,189.0,192.0,193.0,194.0,195.0,191.0,191.0
184.0,189.0,188.0,182.0,184.0,183.0,180.0,180.0
188.0,188.0,184.0,183.0,180.0,181.0,180.0,177.0
188.0,184.0,180.0,181.0,180.0,178.0,177.0,176.0
188.0,183.0,181.0,180.0,178.0,177.0,176.0,175.0
184.0,181.0,178.0,177.0,176.0,176.0,175.0,193.0
183.0,180.0,177.0,176.0,176.0,175.0,184.0,198.0
180.0,178.0,176.0,176.0,175.0,184.0,193.0,200.0
181.0,177.0,176.0,175.0,184.0,193.0,198.0,199.0
180.0,176.0,175.0,184.0,193.0,198.0,200.0,197.0
176.9,175.9,193.5,198.2,199.9,198.8,196.9090909090909,195.0
184.9,199.9,196.9090909090909,196.0,195.0,191.45454545454547,196.0,196.0
193.5,198.8,196.0,195.0,191.45454545454547,196.0,197.0,196.0
199.0,195.1,195.54545454545453,196.9,196.1,196.0,196.0,196.0
196.9090909090909,191.45454545454547,197.0,196.0,196.0,196.0,196.0,195.0
191.45454545454547,196.0,196.0,196.0,195.9090909090909,195.0,191.0,182.0
196.0,196.0,196.0,195.9090909090909,195.0,191.0,184.0,179.0
197.0,196.0,195.9090909090909,195.0,191.0,184.0,182.0,177.0
196.0,196.0,195.0,191.0,184.0,182.0,179.0,177.0
196.0,195.9090909090909,191.0,184.0,182.0,179.0,177.0,175.0
196.0,195.0,184.0,182.0,179.0,177.0,177.0,171.0
196.0,191.0,182.0,179.0,177.0,177.0,175.0,169.0
195.9090909090909,184.0,179.0,177.0,177.0,175.0,171.0,167.0
195.0,182.0,177.0,177.0,175.0,171.0,169.0,166.0
191.0,179.0,177.0,175.0,171.0,169.0,167.0,165.0
113.0,123.0,128.0,138.0,146.0,167.0,176.0,190.0
117.0,123.0,138.0,146.0,167.0,176.0,187.0,193.0
123.0,128.0,146.0,167.0,176.0,187.0,190.0,194.0
123.0,138.0,167.0,176.0,187.0,190.0,193.0,194.0
128.0,167.0,187.0,190.0,193.0,194.0,194.0,189.0
138.0,176.0,190.0,193.0,194.0,194.0,192.0,175.0
146.0,187.0,193.0,194.0,194.0,192.0,189.0,178.0
167.0,190.0,194.0,194.0,192.0,189.0,175.0,182.0
176.0,193.0,194.0,192.0,189.0,175.0,178.0,178.0
194.0,189.0,178.0,182.0,178.0,176.0,176.0,176.0
194.0,175.0,182.0,178.0,176.0,176.0,176.0,174.0
189.0,182.0,176.0,176.0,176.0,176.0,174.0,168.0
175.0,178.0,176.0,176.0,176.0,174.0,173.0,164.0
178.0,176.0,174.0,173.0,168.0,164.0,160.0,156.0
176.0,176.0,173.0,168.0,164.0,160.0,158.0,152.0
176.0,174.0,168.0,164.0,160.0,158.0,156.0,148.0
176.0,173.0,164.0,160.0,158.0,156.0,152.0,148.0
176.0,168.0,160.0,158.0,156.0,152.0,148.0,148.0
174.0,164.0,158.0,156.0,152.0,148.0,148.0,146.0
173.0,160.0,156.0,152.0,148.0,148.0,148.0,143.0
168.0,158.0,152.0,148.0,148.0,148.0,146.0,141.0
164.0,156.0,148.0,148.0,148.0,146.0,143.0,139.0
160.0,152.0,148.0,148.0,146.0,143.0,141.0,138.0
158.0,148.0,148.0,146.0,143.0,141.0,139.0,137.0
156.0,148.0,146.0,143.0,141.0,139.0,138.0,135.0
148.0,146.0,141.0,139.0,138.0,137.0,135.0,134.0
148.0,143.0,139.0,138.0,137.0,135.0,135.0,134.0
143.0,156.0,165.0,163.0,159.0,161.0,162.0,170.0
142.0,159.0,163.0,159.0,161.0,162.0,164.0,172.0
147.0,165.0,159.0,161.0,162.0,164.0,170.0,175.0
156.0,163.0,161.0,162.0,164.0,170.0,172.0,178.0
159.0,159.0,162.0,164.0,170.0,172.0,175.0,181.0
165.0,161.0,164.0,170.0,172.0,175.0,178.0,185.0
159.0,164.0,172.0,175.0,178.0,181.0,185.0,189.0
161.0,170.0,175.0,178.0,181.0,185.0,187.0,190.0
162.0,172.0,178.0,181.0,185.0,187.0,189.0,190.0
164.0,175.0,181.0,185.0,187.0,189.0,190.0,191.0
170.0,178.0,185.0,187.0,189.0,190.0,190.0,190.0
172.0,181.0,187.0,189.0,190.0,190.0,191.0,189.0
175.0,185.0,189.0,190.0,190.0,191.0,190.0,185.0
181.0,189.0,190.0,191.0,190.0,189.0,185.0,181.0
185.0,190.0,191.0,190.0,189.0,185.0,183.0,180.0
190.0,190.0,185.0,183.0,181.0,180.0,181.0,176.0
191.0,185.0,181.0,180.0,181.0,180.0,176.0,172.0
190.0,183.0,180.0,181.0,180.0,176.0,174.0,171.0
189.0,181.0,181.0,180.0,176.0,174.0,172.0,170.0
185.0,180.0,180.0,176.0,174.0,172.0,171.0,168.0
183.0,181.0,176.0,174.0,172.0,171.0,170.0,167.0
181.0,180.0,174.0,172.0,171.0,170.0,168.0,165.0
180.0,176.0,172.0,171.0,170.0,168.0,167.0,165.0
181.0,174.0,171.0,170.0,168.0,167.0,165.0,158.0
171.9,167.9,165.0,164.3,157.9090909090909,157.0,153.5,148.0
170.9,166.8,164.3,157.9090909090909,157.0,153.5,148.9090909090909,146.0
169.8,165.0,157.9090909090909,157.0,153.5,148.9090909090909,148.0,147.0
156.0,154.0,162.0,161.0,152.0,151.0,160.0,156.0
156.0,157.0,161.0,152.0,151.0,160.0,161.0,144.0
154.0,161.0,151.0,160.0,161.0,156.0,144.0,145.0
157.0,152.0,160.0,161.0,156.0,144.0,147.0,144.0
162.0,151.0,161.0,156.0,144.0,147.0,145.0,142.0
161.0,160.0,156.0,144.0,147.0,145.0,144.0,143.0
152.0,161.0,144.0,147.0,145.0,144.0,142.0,132.0
151.0,156.0,147.0,145.0,144.0,142.0,143.0,122.0
161.0,147.0,144.0,142.0,143.0,132.0,122.0,118.0
144.0,144.0,143.0,132.0,122.0,120.0,118.0,114.0
147.0,142.0,132.0,122.0,120.0,118.0,116.0,112.0
145.0,143.0,122.0,120.0,118.0,116.0,114.0,110.0
144.0,132.0,120.0,118.0,116.0,114.0,112.0,118.0
142.0,122.0,118.0,116.0,114.0,112.0,110.0,115.0
143.0,120.0,116.0,114.0,112.0,110.0,118.0,109.0
132.0,118.0,114.0,112.0,110.0,118.0,115.0,99.0
122.0,116.0,112.0,110.0,118.0,115.0,109.0,94.0
120.0,114.0,110.0,118.0,115.0,109.0,99.0,92.0
118.0,112.0,118.0,115.0,109.0,99.0,94.0,89.0
116.0,110.0,115.0,109.0,99.0,94.0,92.0,92.0
114.0,118.0,109.0,99.0,94.0,92.0,89.0,95.0
112.0,115.0,99.0,94.0,92.0,89.0,92.0,93.0
110.0,109.0,94.0,92.0,89.0,92.0,95.0,89.0
118.0,99.0,92.0,89.0,92.0,95.0,93.0,86.0
115.0,94.0,89.0,92.0,95.0,93.0,89.0,85.0
109.0,92.0,92.0,95.0,93.0,89.0,86.0,83.0
99.0,89.0,95.0,93.0,89.0,86.0,85.0,83.0
94.0,92.0,93.0,89.0,86.0,85.0,83.0,84.0
89.0,93.0,86.0,85.0,83.0,83.0,84.0,63.0
92.0,89.0,85.0,83.0,83.0,84.0,83.0,96.0
95.0,86.0,83.0,83.0,84.0,83.0,63.0,97.0
247.0,267.0,259.0,239.0,231.0,227.0,224.0,220.0
262.0,259.0,231.0,227.0,224.0,222.0,220.0,228.0
267.0,239.0,227.0,224.0,222.0,220.0,231.0,222.0
266.0,231.0,224.0,222.0,220.0,231.0,228.0,218.0
259.0,227.0,222.0,220.0,231.0,228.0,222.0,214.0
239.0,224.0,220.0,231.0,228.0,222.0,218.0,220.0
231.0,222.0,231.0,228.0,222.0,218.0,214.0,215.0
224.0,231.0,222.0,218.0,214.0,220.0,215.0,211.0
222.0,228.0,218.0,214.0,220.0,215.0,212.0,211.0
214.0,212.0,211.0,211.0,211.0,214.0,214.0,214.0
215.0,211.0,211.0,214.0,214.0,214.0,214.0,197.0
211.0,211.0,214.0,214.0,214.0,206.0,197.0,184.0
211.0,214.0,214.0,214.0,206.0,197.0,189.0,182.0
211.0,214.0,214.0,206.0,197.0,189.0,184.0,178.0
211.0,214.0,206.0,197.0,189.0,184.0,182.0,176.0
214.0,214.0,197.0,189.0,184.0,182.0,178.0,175.0
214.0,206.0,189.0,184.0,182.0,178.0,176.0,176.0
214.0,189.0,182.0,178.0,176.0,175.0,176.0,181.0
206.0,184.0,178.0,176.0,175.0,176.0,180.0,174.0
197.0,182.0,176.0,175.0,176.0,180.0,181.0,172.0
189.0,178.0,175.0,176.0,180.0,181.0,174.0,170.0
184.0,176.0,176.0,180.0,181.0,174.0,172.0,168.0
182.0,175.0,180.0,181.0,174.0,172.0,170.0,167.0
176.0,180.0,174.0,172.0,170.0,168.0,167.0,143.0
146.0,142.0,142.0,133.0,119.0,112.0,109.0,113.0
143.0,143.0,133.0,119.0,112.0,109.0,108.0,120.0
141.0,142.0,119.0,112.0,109.0,108.0,113.0,126.0
143.0,119.0,109.0,108.0,113.0,120.0,126.0,122.0
142.0,112.0,108.0,113.0,120.0,126.0,125.0,120.0
133.0,109.0,113.0,120.0,126.0,125.0,122.0,119.0
119.0,108.0,120.0,126.0,125.0,122.0,120.0,118.0
112.0,113.0,126.0,125.0,122.0,120.0,119.0,120.0
109.0,120.0,125.0,122.0,120.0,119.0,118.0,117.0
108.0,126.0,122.0,120.0,119.0,118.0,120.0,111.0
113.0,125.0,120.0,119.0,118.0,120.0,117.0,115.0
120.0,122.0,119.0,118.0,120.0,117.0,111.0,116.0
126.0,120.0,118.0,120.0,117.0,111.0,115.0,116.0
125.0,119.0,120.0,117.0,111.0,115.0,116.0,116.0
122.0,118.0,117.0,111.0,115.0,116.0,116.0,117.0
119.0,117.0,115.0,116.0,116.0,116.0,117.0,127.0
117.0,116.0,116.0,117.0,124.0,127.0,125.0,121.0
111.0,116.0,117.0,124.0,127.0,125.0,121.0,117.0
115.0,116.0,124.0,127.0,125.0,121.0,121.0,115.0
116.0,117.0,127.0,125.0,121.0,121.0,117.0,115.0
116.0,124.0,125.0,121.0,121.0,117.0,115.0,116.0
124.0,121.0,117.0,115.0,115.0,116.0,115.0,124.0
127.0,121.0,115.0,115.0,116.0,115.0,123.0,118.0
125.0,117.0,115.0,116.0,115.0,123.0,124.0,117.0
115.0,115.0,124.0,118.0,117.0,117.0,116.0,120.0
115.0,123.0,118.0,117.0,117.0,116.0,116.0,121.0
116.0,124.0,117.0,117.0,116.0,116.0,120.0,120.0
156.0,141.0,152.0,160.0,160.0,151.0,148.0,144.0
156.0,146.0,160.0,160.0,151.0,148.0,145.0,142.0
146.0,152.0,160.0,151.0,148.0,145.0,144.0,138.0
141.0,160.0,151.0,148.0,145.0,144.0,142.0,135.0
152.0,151.0,145.0,144.0,142.0,138.0,135.0,132.0
160.0,148.0,144.0,142.0,138.0,135.0,131.0,128.0
160.0,145.0,142.0,138.0,135.0,131.0,132.0,124.0
150.7,143.8,137.7,134.6,131.1,131.6,127.6,124.0
147.7,141.6,134.6,131.1,131.6,127.6,124.0,120.0
143.8,134.6,131.6,127.6,124.0,124.0,120.0,112.0
137.7,131.6,124.0,124.0,120.0,115.0,112.0,108.0
134.6,127.6,124.0,120.0,115.0,112.0,110.0,105.0
131.1,124.0,120.0,115.0,112.0,110.0,108.0,103.0
131.6,124.0,115.0,112.0,110.0,108.0,105.0,98.0
124.0,112.0,108.0,105.0,103.0,98.0,90.0,88.0
120.0,110.0,105.0,103.0,98.0,90.0,88.0,82.0
115.0,108.0,103.0,98.0,90.0,88.0,88.0,80.0
108.0,98.0,88.0,88.0,82.0,80.0,79.0,77.0
105.0,90.0,88.0,82.0,80.0,79.0,80.0,83.0
98.0,88.0,80.0,79.0,80.0,77.0,83.0,134.0
88.0,80.0,80.0,77.0,83.0,106.0,134.0,160.0
88.0,79.0,77.0,83.0,106.0,134.0,153.0,161.0
82.0,80.0,83.0,106.0,134.0,153.0,160.0,158.0
80.0,77.0,106.0,134.0,153.0,160.0,161.0,154.0
79.0,83.0,134.0,153.0,160.0,161.0,158.0,152.0
77.0,134.0,160.0,161.0,158.0,154.0,152.0,148.0
255.0,238.0,236.0,229.0,207.0,202.0,203.0,201.0
252.0,238.0,229.0,207.0,202.0,203.0,202.0,195.0
244.0,236.0,207.0,202.0,203.0,202.0,201.0,192.0
238.0,207.0,203.0,202.0,201.0,195.0,192.0,186.0
236.0,202.0,202.0,201.0,195.0,192.0,188.0,182.0
207.0,202.0,195.0,192.0,188.0,186.0,182.0,179.0
202.0,201.0,192.0,188.0,186.0,182.0,179.0,177.0
202.0,192.0,186.0,182.0,179.0,179.0,177.0,170.0
195.0,186.0,179.0,179.0,177.0,171.0,170.0,163.0
188.0,179.0,177.0,171.0,170.0,165.0,163.0,157.0
186.0,179.0,171.0,170.0,165.0,163.0,159.0,155.0
182.0,177.0,170.0,165.0,163.0,159.0,157.0,155.0
179.0,171.0,165.0,163.0,159.0,157.0,155.0,152.0
177.0,165.0,159.0,157.0,155.0,155.0,152.0,146.0
170.0,159.0,155.0,155.0,152.0,148.0,146.0,143.0
165.0,157.0,155.0,152.0,148.0,146.0,145.0,143.0
159.0,155.0,148.0,146.0,145.0,143.0,143.0,144.0
157.0,152.0,146.0,145.0,143.0,143.0,146.0,139.0
155.0,148.0,145.0,143.0,143.0,146.0,144.0,139.0
148.0,143.0,146.0,144.0,139.0,139.0,139.0,137.0
146.0,143.0,144.0,139.0,139.0,139.0,138.0,136.0
145.0,146.0,139.0,139.0,139.0,138.0,137.0,136.0
143.0,144.0,139.0,139.0,138.0,137.0,136.0,136.0
143.0,139.0,139.0,138.0,137.0,136.0,136.0,138.0
146.0,139.0,138.0,137.0,136.0,136.0,136.0,138.0
231.0,226.0,223.0,222.0,226.0,227.0,228.0,220.0
228.0,224.0,222.0,226.0,227.0,228.0,221.0,219.0
227.0,223.0,226.0,227.0,228.0,221.0,220.0,218.0
226.0,222.0,227.0,228.0,221.0,220.0,219.0,217.0
223.0,227.0,221.0,220.0,219.0,218.0,217.0,217.0
227.0,220.0,218.0,217.0,217.0,217.0,223.0,229.0
228.0,219.0,217.0,217.0,217.0,223.0,229.0,226.0
220.0,217.0,217.0,223.0,229.0,229.0,226.0,223.0
219.0,217.0,223.0,229.0,229.0,226.0,224.0,225.0
218.0,217.0,229.0,229.0,226.0,224.0,223.0,229.0
217.0,223.0,229.0,226.0,224.0,223.0,225.0,226.0
217.0,229.0,226.0,224.0,223.0,225.0,229.0,225.0
223.0,226.0,223.0,225.0,229.0,226.0,225.0,223.0
229.0,223.0,229.0,226.0,225.0,223.0,223.0,221.0
226.0,225.0,226.0,225.0,223.0,223.0,221.0,221.0
224.0,229.0,225.0,223.0,223.0,221.0,221.0,221.0
225.0,225.0,223.0,221.0,221.0,221.0,221.0,225.0
226.0,223.0,221.0,221.0,221.0,218.0,225.0,230.0
223.0,221.0,221.0,218.0,225.0,227.0,230.0,223.0
223.0,221.0,218.0,225.0,227.0,230.0,230.0,223.0
221.0,221.0,225.0,227.0,230.0,230.0,223.0,223.0
221.0,225.0,230.0,230.0,223.0,223.0,223.0,223.0
221.0,227.0,230.0,223.0,223.0,223.0,223.0,223.0
218.0,230.0,223.0,223.0,223.0,223.0,223.0,225.0
225.2,229.3,223.0,223.0,223.0,223.0,223.2,228.0
227.3,223.0,223.0,223.0,223.0,223.2,225.27272727272728,227.0
173.0,178.0,180.0,181.0,181.0,182.0,184.0,185.0
174.0,178.0,181.0,181.0,182.0,184.0,184.0,185.0
178.0,181.0,182.0,184.0,184.0,185.0,185.0,185.0
178.0,181.0,184.0,184.0,185.0,185.0,185.0,184.0
181.0,184.0,185.0,185.0,185.0,184.0,183.0,182.0
156.0,160.0,164.0,165.0,169.0,173.0,174.0,171.0
155.0,160.0,165.0,169.0,173.0,174.0,171.0,171.0
159.0,164.0,169.0,173.0,174.0,171.0,171.0,171.0
160.0,165.0,173.0,174.0,171.0,171.0,171.0,172.0
160.0,169.0,174.0,171.0,171.0,171.0,171.0,177.0
164.0,173.0,171.0,171.0,171.0,171.0,172.0,186.0
165.0,174.0,171.0,171.0,171.0,172.0,177.0,186.0
169.0,171.0,171.0,171.0,172.0,177.0,186.0,186.0
173.0,171.0,171.0,172.0,177.0,186.0,186.0,186.0
174.0,171.0,172.0,177.0,186.0,186.0,186.0,193.0
171.0,171.0,177.0,186.0,186.0,186.0,186.0,195.0
171.0,172.0,186.0,186.0,186.0,186.0,193.0,195.0
171.0,177.0,186.0,186.0,186.0,193.0,195.0,195.0
172.0,186.0,186.0,193.0,195.0,195.0,195.0,193.0
177.0,186.0,193.0,195.0,195.0,195.0,195.0,190.0
186.0,193.0,195.0,195.0,195.0,193.0,190.0,183.0
186.0,195.0,195.0,195.0,193.0,190.0,185.0,181.0
186.0,195.0,195.0,193.0,190.0,185.0,183.0,179.0
193.0,195.0,193.0,190.0,185.0,183.0,181.0,178.0
195.0,195.0,190.0,185.0,183.0,181.0,179.0,177.0
195.0,193.0,185.0,183.0,181.0,179.0,178.0,176.0
195.0,190.0,183.0,181.0,179.0,178.0,177.0,182.0
195.0,185.0,181.0,179.0,178.0,177.0,176.0,183.0
193.0,183.0,179.0,178.0,177.0,176.0,182.0,180.0
190.0,181.0,178.0,177.0,176.0,182.0,183.0,176.0
181.0,177.0,182.0,183.0,180.0,176.0,175.0,172.0
179.0,176.0,183.0,180.0,176.0,175.0,174.0,171.0
178.0,182.0,180.0,176.0,175.0,174.0,172.0,167.0
177.0,183.0,176.0,175.0,174.0,172.0,171.0,163.0
176.0,180.0,175.0,174.0,172.0,171.0,167.0,162.0
183.0,175.0,172.0,171.0,167.0,163.0,162.0,164.0
158.0,159.0,161.0,168.0,172.0,183.0,191.0,193.0
161.0,161.0,172.0,183.0,191.0,189.0,193.0,194.0
159.0,172.0,191.0,189.0,193.0,194.0,194.0,202.0
161.0,183.0,189.0,193.0,194.0,194.0,200.0,204.0
253.0,243.0,248.0,244.0,244.0,243.0,238.0,227.0
254.0,242.0,244.0,244.0,243.0,238.0,230.0,227.0
249.0,248.0,244.0,243.0,238.0,230.0,227.0,217.0
243.0,244.0,243.0,238.0,230.0,227.0,227.0,212.0
242.0,244.0,238.0,230.0,227.0,227.0,217.0,209.0
248.0,243.0,230.0,227.0,227.0,217.0,212.0,208.0
244.0,238.0,227.0,227.0,217.0,212.0,209.0,207.0
128.0,132.0,140.0,138.0,153.0,163.0,155.0,143.0
127.0,147.0,138.0,153.0,163.0,155.0,145.0,143.0
127.0,140.0,153.0,163.0,155.0,145.0,143.0,142.0
132.0,138.0,163.0,155.0,145.0,143.0,143.0,150.0
147.0,153.0,155.0,145.0,143.0,143.0,142.0,163.0
140.0,163.0,145.0,143.0,143.0,142.0,150.0,160.0
138.0,155.0,143.0,143.0,142.0,150.0,163.0,157.0
153.0,145.0,143.0,142.0,150.0,163.0,160.0,157.0
145.0,142.0,163.0,160.0,157.0,157.0,155.0,152.0
143.0,163.0,157.0,157.0,155.0,153.0,152.0,152.0
142.0,160.0,157.0,155.0,153.0,152.0,152.0,152.0
150.0,157.0,155.0,153.0,152.0,152.0,152.0,162.0
160.0,155.0,152.0,152.0,152.0,152.0,162.0,151.0
157.0,153.0,152.0,152.0,152.0,162.0,153.0,161.0
157.0,152.0,152.0,152.0,162.0,153.0,151.0,167.0
155.0,152.0,152.0,162.0,153.0,151.0,161.0,168.0
153.0,152.0,162.0,153.0,151.0,161.0,167.0,167.0
152.0,153.0,152.8,152.0,161.6,167.1,167.9,165.0
161.1,161.6,167.9,166.8181818181818,165.0,156.0,154.8,169.0
161.6,166.8181818181818,156.0,154.8,162.63636363636363,169.0,189.0,181.0
167.1,165.0,154.8,162.63636363636363,169.0,189.0,188.27272727272728,171.0
167.9,156.0,162.63636363636363,169.0,189.0,188.27272727272728,181.0,162.0
166.8181818181818,154.8,169.0,189.0,188.27272727272728,181.0,171.0,166.0
165.0,162.63636363636363,189.0,188.27272727272728,181.0,171.0,162.0,173.0
156.0,169.0,188.27272727272728,181.0,171.0,162.0,166.0,173.0
154.8,189.0,181.0,171.0,162.0,166.0,173.0,172.0
162.63636363636363,188.27272727272728,171.0,162.0,166.0,173.0,173.0,171.0
149.0,126.0,119.0,117.0,114.0,122.0,127.0,124.0
137.0,119.0,114.0,122.0,127.0,127.0,124.0,126.0
126.0,117.0,122.0,127.0,127.0,124.0,124.0,129.0
121.0,114.0,127.0,127.0,124.0,124.0,126.0,132.0
119.0,122.0,127.0,124.0,124.0,126.0,129.0,133.0
114.0,127.0,124.0,126.0,129.0,132.0,133.0,134.0
127.0,124.0,129.0,132.0,133.0,131.0,134.0,133.0
127.0,126.0,132.0,133.0,131.0,134.0,134.0,134.0
124.0,129.0,133.0,131.0,134.0,134.0,133.0,136.0
124.0,132.0,131.0,134.0,134.0,133.0,134.0,142.0
126.0,133.0,134.0,134.0,133.0,134.0,136.0,147.0
131.0,133.0,136.0,142.0,147.0,149.0,141.0,144.0
134.0,136.0,147.0,149.0,141.0,135.0,144.0,142.0
133.0,142.0,149.0,141.0,135.0,144.0,145.0,141.0
134.0,147.0,141.0,135.0,144.0,145.0,142.0,140.0
149.0,144.0,142.0,141.0,140.0,140.0,141.0,143.0
135.0,142.0,140.0,140.0,141.0,142.0,143.0,145.0
144.0,141.0,140.0,141.0,142.0,143.0,143.0,145.0
142.0,140.0,142.0,143.0,143.0,145.0,145.0,148.0
140.0,142.0,143.0,145.0,145.0,147.0,148.0,153.0
140.0,143.0,145.0,145.0,147.0,148.0,150.0,155.0
141.0,143.0,145.0,147.0,148.0,150.0,153.0,157.0
137.0,134.0,133.0,134.0,134.0,134.0,134.0,128.0
137.0,133.0,134.0,134.0,134.0,134.0,133.0,126.0
135.0,133.0,134.0,134.0,134.0,133.0,128.0,124.0
134.0,134.0,134.0,134.0,133.0,128.0,126.0,124.0
133.0,134.0,134.0,133.0,128.0,126.0,124.0,125.0
133.0,134.0,133.0,128.0,126.0,124.0,124.0,124.0
134.0,134.0,128.0,126.0,124.0,124.0,125.0,115.0
134.0,133.0,126.0,124.0,124.0,125.0,124.0,113.0
134.0,128.0,124.0,124.0,125.0,124.0,115.0,115.0
133.0,124.0,125.0,124.0,115.0,113.0,115.0,114.0
128.0,124.0,124.0,115.0,113.0,115.0,118.0,113.0
126.0,125.0,115.0,113.0,115.0,118.0,114.0,114.0
124.0,124.0,113.0,115.0,118.0,114.0,113.0,116.0
124.0,115.0,115.0,118.0,114.0,113.0,114.0,117.0
125.0,113.0,118.0,114.0,113.0,114.0,116.0,122.0
115.0,118.0,113.0,114.0,116.0,117.0,122.0,115.0
115.0,113.0,116.0,117.0,122.0,120.0,115.0,119.0
114.0,116.0,122.0,120.0,115.0,115.0,119.0,121.0
113.0,117.0,120.0,115.0,115.0,119.0,121.0,121.0
114.0,122.0,115.0,115.0,119.0,121.0,121.0,122.0
116.0,120.0,115.0,119.0,121.0,121.0,121.0,122.0
122.0,115.0,121.0,121.0,121.0,122.0,122.0,116.0
120.0,119.0,121.0,121.0,122.0,122.0,124.0,122.0
115.0,121.0,121.0,122.0,122.0,124.0,116.0,126.0
115.0,121.0,122.0,122.0,124.0,116.0,122.0,124.0
119.0,121.0,122.0,124.0,116.0,122.0,126.0,118.0
121.0,122.0,124.0,116.0,122.0,126.0,124.0,127.0
121.0,122.0,116.0,122.0,126.0,124.0,118.0,133.0
121.0,124.0,122.0,126.0,124.0,118.0,127.0,138.0
119.9,117.0,108.9090909090909,108.0,106.8,104.6,100.8,98.0
118.7,115.3,108.0,106.8,104.6,100.8,98.9090909090909,97.0
117.0,108.0,104.6,100.8,98.9090909090909,98.0,97.0,96.0
115.3,106.8,100.8,98.9090909090909,98.0,97.0,96.0,99.0
108.9090909090909,104.6,98.9090909090909,98.0,97.0,96.0,96.0,100.0
108.0,100.8,98.0,97.0,96.0,96.0,99.0,101.0
106.8,98.9090909090909,97.0,96.0,96.0,99.0,100.0,101.0
104.6,98.0,96.0,96.0,99.0,100.0,101.0,97.0
100.8,97.0,96.0,99.0,100.0,101.0,101.0,96.0
98.9090909090909,96.0,99.0,100.0,101.0,101.0,97.0,96.0
98.0,96.0,100.0,101.0,101.0,97.0,96.0,98.0
97.0,99.0,101.0,101.0,97.0,96.0,96.0,99.0
96.0,101.0,97.0,96.0,96.0,98.0,99.0,97.0
99.0,101.0,96.0,96.0,98.0,99.0,98.0,97.0
100.0,97.0,96.0,98.0,99.0,98.0,97.0,96.0
101.0,96.0,98.0,99.0,98.0,97.0,97.0,96.0
96.0,99.0,97.0,97.0,96.0,96.0,95.0,98.0
96.0,98.0,97.0,96.0,96.0,95.0,97.0,96.0
98.0,97.0,96.0,96.0,95.0,97.0,98.0,95.0
98.0,96.0,95.0,97.0,98.0,96.0,95.0,97.0
97.0,96.0,97.0,98.0,96.0,95.0,94.0,99.0
97.0,95.0,98.0,96.0,95.0,94.0,97.0,103.0
96.0,98.0,95.0,94.0,97.0,99.0,103.0,109.0
97.0,95.0,97.0,99.0,103.0,106.0,109.0,108.0
96.0,97.0,103.0,106.0,109.0,109.0,108.0,108.0
95.0,99.0,106.0,109.0,109.0,108.0,108.0,111.0
187.0,185.0,197.0,193.0,189.0,189.0,190.0,188.0
180.0,196.0,193.0,189.0,189.0,190.0,192.0,184.0
181.0,197.0,189.0,189.0,190.0,192.0,188.0,183.0
196.0,189.0,190.0,192.0,188.0,184.0,183.0,182.0
193.0,190.0,188.0,184.0,183.0,181.0,182.0,189.0
189.0,192.0,184.0,183.0,181.0,182.0,186.0,191.0
189.0,188.0,183.0,181.0,182.0,186.0,189.0,193.0
190.0,184.0,181.0,182.0,186.0,189.0,191.0,197.0
192.0,183.0,182.0,186.0,189.0,191.0,193.0,199.0
184.0,182.0,189.0,191.0,193.0,197.0,199.0,195.0
183.0,186.0,191.0,193.0,197.0,199.0,198.0,191.0
181.0,189.0,193.0,197.0,199.0,198.0,195.0,189.0
186.0,193.0,199.0,198.0,195.0,191.0,189.0,186.0
189.0,197.0,198.0,195.0,191.0,189.0,186.0,188.0
191.0,199.0,195.0,191.0,189.0,186.0,186.0,188.0
197.0,195.0,189.0,186.0,186.0,188.0,188.0,191.0
199.0,191.0,186.0,186.0,188.0,188.0,190.0,190.0
198.0,189.0,186.0,188.0,188.0,190.0,191.0,190.0
195.0,186.0,188.0,188.0,190.0,191.0,190.0,188.0
189.0,188.0,190.0,191.0,190.0,190.0,188.0,183.0
188.0,191.0,190.0,188.0,186.0,183.0,181.0,177.0
188.0,190.0,188.0,186.0,183.0,181.0,179.0,177.0
190.0,190.0,186.0,183.0,181.0,179.0,177.0,175.0
191.0,188.0,183.0,181.0,179.0,177.0,177.0,170.0
190.0,186.0,181.0,179.0,177.0,177.0,175.0,161.0
190.0,183.0,179.0,177.0,177.0,175.0,170.0,159.0
188.0,181.0,177.0,177.0,175.0,170.0,161.0,155.0
186.0,179.0,177.0,175.0,170.0,161.0,159.0,148.0
194.0,207.0,205.0,199.0,199.0,199.0,199.0,198.0
196.0,207.0,199.0,199.0,199.0,199.0,198.0,197.0
199.0,205.0,199.0,199.0,199.0,198.0,198.0,196.0
207.0,199.0,199.0,199.0,198.0,198.0,197.0,194.0
205.0,199.0,198.0,198.0,197.0,196.0,194.0,187.0
199.0,199.0,198.0,197.0,196.0,194.0,188.0,186.0
199.0,198.0,196.0,194.0,188.0,187.0,186.0,185.0
199.0,197.0,194.0,188.0,187.0,186.0,185.0,185.0
198.0,196.0,188.0,187.0,186.0,185.0,185.0,184.0
198.0,194.0,187.0,186.0,185.0,185.0,185.0,184.0
197.0,188.0,186.0,185.0,185.0,185.0,184.0,180.0
196.0,187.0,185.0,185.0,185.0,184.0,184.0,174.0
194.0,186.0,185.0,185.0,184.0,184.0,180.0,172.0
187.0,185.0,184.0,184.0,180.0,174.0,172.0,177.0
177.0,174.0,175.0,176.0,176.0,176.0,177.0,176.0
177.0,188.0,197.0,204.0,206.0,204.0,202.0,197.0
184.0,211.0,204.0,206.0,204.0,202.0,200.0,195.0
188.0,197.0,206.0,204.0,202.0,200.0,197.0,199.0
188.0,204.0,204.0,202.0,200.0,197.0,195.0,200.0
197.0,204.0,200.0,197.0,195.0,199.0,200.0,193.0
204.0,202.0,197.0,195.0,199.0,200.0,198.0,191.0
204.0,197.0,199.0,200.0,198.0,193.0,191.0,196.0
202.0,195.0,200.0,198.0,193.0,191.0,194.0,196.0
200.0,199.0,198.0,193.0,191.0,194.0,196.0,195.0
195.0,198.0,191.0,194.0,196.0,196.0,195.0,197.0
199.0,193.0,194.0,196.0,196.0,195.0,194.0,198.0
198.0,194.0,196.0,195.0,194.0,197.0,198.0,191.0
193.0,196.0,195.0,194.0,197.0,198.0,195.0,189.0
191.0,196.0,194.0,197.0,198.0,195.0,191.0,188.0
194.0,195.0,197.0,198.0,195.0,191.0,189.0,186.0
196.0,197.0,195.0,191.0,189.0,188.0,186.0,185.0
195.0,198.0,191.0,189.0,188.0,186.0,184.0,185.0
197.0,191.0,188.0,186.0,184.0,185.0,185.0,189.0
198.0,189.0,186.0,184.0,185.0,185.0,182.0,185.0
191.0,186.0,185.0,185.0,182.0,189.0,185.0,181.0
189.0,184.0,185.0,182.0,189.0,185.0,185.0,179.0
185.0,185.0,181.0,179.0,177.0,179.0,177.0,175.0
182.0,185.0,179.0,177.0,179.0,177.0,175.0,175.0
189.0,181.0,177.0,179.0,177.0,175.0,175.0,173.0
95.0,94.0,91.0,86.0,84.0,83.0,82.0,80.0
95.0,94.0,86.0,84.0,83.0,82.0,82.0,82.0
96.0,91.0,84.0,83.0,82.0,82.0,80.0,82.0
94.0,86.0,83.0,82.0,82.0,80.0,82.0,100.0
94.0,84.0,82.0,82.0,80.0,82.0,82.0,111.0
91.0,83.0,82.0,80.0,82.0,82.0,100.0,117.0
86.0,82.0,80.0,82.0,82.0,100.0,111.0,121.0
84.0,82.0,82.0,82.0,100.0,111.0,117.0,129.0
83.0,80.0,82.0,100.0,111.0,117.0,121.0,132.0
82.0,82.0,100.0,111.0,117.0,121.0,129.0,132.0
82.0,82.0,111.0,117.0,121.0,129.0,132.0,131.0
80.0,100.0,117.0,121.0,129.0,132.0,132.0,130.0
100.0,121.0,132.0,132.0,131.0,130.0,127.0,129.0
111.0,129.0,132.0,131.0,130.0,127.0,128.0,130.0
132.0,127.0,129.0,130.0,130.0,128.0,127.0,124.0
130.0,129.0,130.0,128.0,127.0,125.0,124.0,119.0
127.0,130.0,128.0,127.0,125.0,124.0,122.0,117.0
129.0,128.0,125.0,124.0,122.0,119.0,117.0,111.0
130.0,125.0,122.0,119.0,117.0,116.0,111.0,100.0
128.0,124.0,119.0,117.0,116.0,111.0,108.0,95.0
122.0,116.0,108.0,100.0,95.0,91.0,88.0,86.0
119.0,111.0,100.0,95.0,91.0,88.0,91.0,78.0
116.9,107.2,94.6,90.7,88.3,90.5,85.2,85.0
115.5,99.5,90.7,88.3,90.5,85.2,78.63636363636364,83.0
148.0,148.0,152.0,150.0,150.0,149.0,151.0,153.0
148.0,152.0,150.0,150.0,149.0,151.0,152.0,153.0
148.0,152.0,150.0,149.0,151.0,152.0,153.0,154.0
148.0,150.0,149.0,151.0,152.0,153.0,153.0,156.0
152.0,150.0,151.0,152.0,153.0,153.0,154.0,158.0
150.0,152.0,153.0,154.0,156.0,158.0,158.0,160.0
151.0,153.0,156.0,158.0,158.0,159.0,160.0,165.0
152.0,154.0,158.0,158.0,159.0,160.0,162.0,165.0
153.0,156.0,158.0,159.0,160.0,162.0,165.0,169.0
154.0,158.0,160.0,162.0,165.0,165.0,169.0,175.0
156.0,159.0,162.0,165.0,165.0,169.0,171.0,181.0
158.0,160.0,165.0,165.0,169.0,171.0,175.0,185.0
158.0,162.0,165.0,169.0,171.0,175.0,181.0,188.0
165.0,171.0,181.0,185.0,188.0,188.0,192.0,191.0
165.0,175.0,185.0,188.0,188.0,192.0,192.0,194.0
169.0,181.0,188.0,188.0,192.0,192.0,191.0,194.0
171.0,185.0,188.0,192.0,192.0,191.0,194.0,194.0
175.0,188.0,192.0,192.0,191.0,194.0,194.0,197.0
181.0,188.0,192.0,191.0,194.0,194.0,194.0,198.0
185.0,192.0,191.0,194.0,194.0,194.0,197.0,199.0
188.0,191.0,194.0,194.0,197.0,198.0,199.0,199.0
192.0,194.0,194.0,197.0,198.0,199.0,200.0,198.0
192.0,194.0,197.0,198.0,199.0,200.0,199.0,201.0
191.0,194.0,198.0,199.0,200.0,199.0,198.0,202.0
194.0,198.0,200.0,199.0,198.0,201.0,202.0,205.0
194.0,199.0,199.0,198.0,201.0,202.0,202.0,205.0
197.0,200.0,198.0,201.0,202.0,202.0,205.0,205.0
184.0,173.0,165.0,159.0,157.0,155.0,154.0,147.0
181.0,170.0,159.0,157.0,155.0,154.0,153.0,143.0
176.0,165.0,157.0,155.0,154.0,153.0,147.0,137.0
173.0,159.0,155.0,154.0,153.0,147.0,143.0,133.0
170.0,157.0,154.0,153.0,147.0,143.0,137.0,129.0
165.0,155.0,153.0,147.0,143.0,137.0,133.0,126.0
159.0,154.0,147.0,143.0,137.0,133.0,129.0,122.0
157.0,153.0,143.0,137.0,133.0,129.0,126.0,121.0
147.0,133.0,126.0,122.0,121.0,119.0,115.0,110.0
143.0,129.0,122.0,121.0,119.0,115.0,112.0,109.0
137.0,126.0,121.0,119.0,115.0,112.0,110.0,107.0
129.0,121.0,115.0,112.0,110.0,109.0,107.0,105.0
126.0,119.0,112.0,110.0,109.0,107.0,106.0,103.0
122.0,115.0,110.0,109.0,107.0,106.0,105.0,102.0
121.0,112.0,109.0,107.0,106.0,105.0,103.0,101.0
119.0,110.0,107.0,106.0,105.0,103.0,102.0,100.0
115.0,109.0,106.0,105.0,103.0,102.0,101.0,99.0
112.0,107.0,105.0,103.0,102.0,101.0,100.0,100.0
110.0,106.0,103.0,102.0,101.0,100.0,99.0,99.0
109.0,105.0,102.0,101.0,100.0,99.0,100.0,102.0
107.0,103.0,101.0,100.0,99.0,100.0,99.0,104.0
105.0,101.0,99.0,100.0,99.0,102.0,104.0,106.0
103.0,100.0,100.0,99.0,102.0,104.0,105.0,106.0
102.0,99.0,99.0,102.0,104.0,105.0,106.0,105.0
101.0,100.0,102.0,104.0,105.0,106.0,106.0,104.0
100.0,99.0,104.0,105.0,106.0,106.0,105.0,103.0
99.0,102.0,105.0,106.0,106.0,105.0,104.0,103.0
110.0,114.0,104.0,103.0,102.0,97.0,94.0,97.0
119.0,107.0,103.0,102.0,97.0,94.0,93.0,91.0
114.0,103.0,97.0,94.0,93.0,97.0,91.0,87.0
107.0,102.0,94.0,93.0,97.0,91.0,87.0,88.0
104.0,97.0,93.0,97.0,91.0,87.0,87.0,98.0
103.0,94.0,97.0,91.0,87.0,87.0,88.0,99.0
102.0,93.0,91.0,87.0,87.0,88.0,98.0,101.0
93.0,87.0,88.0,98.0,99.0,101.0,102.0,100.0
97.0,87.0,98.0,99.0,101.0,102.0,102.0,99.0
87.0,99.0,102.0,102.0,100.0,99.0,91.0,91.0
88.0,101.0,102.0,100.0,99.0,91.0,89.0,104.0
98.0,102.0,100.0,99.0,91.0,89.0,91.0,109.0
102.0,91.0,91.0,104.0,109.0,110.0,113.0,115.0
91.0,104.0,110.0,113.0,115.0,115.0,113.0,115.0
89.0,109.0,113.0,115.0,115.0,113.0,113.0,116.0
91.0,110.0,115.0,115.0,113.0,113.0,115.0,116.0
109.0,115.0,113.0,113.0,115.0,116.0,116.0,116.0
110.0,115.0,113.0,115.0,116.0,116.0,118.0,122.0
115.0,113.0,116.0,116.0,118.0,116.0,122.0,131.0
115.0,115.0,116.0,118.0,116.0,122.0,127.0,141.0
113.0,116.0,118.0,116.0,122.0,127.0,131.0,145.0
113.0,116.0,116.0,122.0,127.0,131.0,141.0,147.0
115.0,118.0,122.0,127.0,131.0,141.0,145.0,150.0
116.0,116.0,127.0,131.0,141.0,145.0,147.0,158.0
90.0,97.0,107.0,121.0,137.0,141.0,145.0,155.0
91.0,103.0,121.0,137.0,141.0,145.0,149.0,162.0
95.0,107.0,137.0,141.0,145.0,149.0,155.0,167.0
97.0,121.0,141.0,145.0,149.0,155.0,162.0,170.0
103.0,137.0,145.0,149.0,155.0,162.0,167.0,170.0
121.0,145.0,155.0,162.0,167.0,170.0,170.0,177.0
137.0,149.0,162.0,167.0,170.0,170.0,170.0,181.0
141.0,155.0,167.0,170.0,170.0,170.0,177.0,185.0
149.0,167.0,170.0,170.0,177.0,181.0,185.0,183.0
155.0,170.0,170.0,177.0,181.0,185.0,184.0,185.0
162.0,170.0,177.0,181.0,185.0,184.0,183.0,192.0
170.0,177.0,185.0,184.0,183.0,185.0,192.0,190.0
170.0,181.0,184.0,183.0,185.0,192.0,192.0,189.0
177.0,184.0,185.0,192.0,192.0,190.0,189.0,188.0
185.0,185.0,192.0,190.0,189.0,189.0,188.0,186.0
183.9,192.0,189.9,189.0,188.9,188.0,187.8,182.0
185.7,189.9,188.9,188.0,187.8,185.63636363636363,182.0,184.0
191.8,188.9,187.8,185.63636363636363,182.0,182.0,184.0,177.0
189.9,188.0,185.63636363636363,182.0,182.0,184.0,177.0,175.0
189.0,187.8,182.0,182.0,184.0,177.0,177.0,168.0
188.9,185.63636363636363,182.0,184.0,177.0,177.0,175.0,168.0
187.8,182.0,177.0,177.0,175.0,168.0,168.0,171.0
185.63636363636363,184.0,177.0,175.0,168.0,168.0,171.0,187.0
182.0,177.0,175.0,168.0,168.0,171.0,171.0,205.0
184.0,175.0,168.0,171.0,171.0,187.0,205.0,208.0
177.0,168.0,171.0,187.0,205.0,210.0,208.0,207.0
119.0,123.0,149.0,164.0,175.0,181.0,181.0,185.0
120.0,118.0,164.0,175.0,181.0,181.0,184.0,184.0
123.0,164.0,181.0,181.0,184.0,185.0,184.0,178.0
149.0,181.0,184.0,185.0,184.0,180.0,178.0,176.0
164.0,181.0,185.0,184.0,180.0,178.0,177.0,177.0
175.0,184.0,184.0,180.0,178.0,177.0,176.0,177.0
181.0,185.0,180.0,178.0,177.0,176.0,177.0,177.0
181.0,184.0,178.0,177.0,176.0,177.0,177.0,173.0
184.0,180.0,177.0,176.0,177.0,177.0,177.0,170.0
185.0,178.0,176.0,177.0,177.0,177.0,173.0,170.0
184.0,177.0,177.0,177.0,177.0,173.0,170.0,169.0
177.0,177.0,173.0,170.0,170.0,169.0,168.0,170.0
176.0,177.0,170.0,170.0,169.0,168.0,170.0,171.0
177.0,170.0,169.0,168.0,170.0,170.0,171.0,168.0
177.0,170.0,168.0,170.0,170.0,171.0,171.0,167.0
173.0,169.0,170.0,170.0,171.0,171.0,168.0,165.0
170.0,170.0,171.0,171.0,168.0,167.0,165.0,159.0
169.0,170.0,171.0,168.0,167.0,165.0,162.0,157.0
170.0,171.0,167.0,165.0,162.0,159.0,157.0,154.0
170.0,168.0,165.0,162.0,159.0,157.0,154.0,154.0
168.0,162.0,157.0,154.0,154.0,154.0,154.0,154.0
167.0,159.0,154.0,154.0,154.0,154.0,154.0,152.0
165.0,157.0,154.0,154.0,154.0,154.0,154.0,152.0
162.0,154.0,154.0,154.0,154.0,154.0,152.0,147.0
157.0,154.0,154.0,154.0,152.0,152.0,147.0,143.0
232.0,231.0,233.0,234.0,229.0,226.0,223.0,217.0
226.0,233.0,229.0,226.0,223.0,221.0,217.0,213.0
214.0,208.0,208.0,207.0,206.0,215.0,219.0,218.0
208.0,207.0,215.0,219.0,220.0,218.0,217.0,231.0
208.0,206.0,219.0,220.0,218.0,217.0,221.0,229.0
207.0,219.0,218.0,217.0,221.0,231.0,229.0,226.0
206.0,220.0,217.0,221.0,231.0,229.0,228.0,226.0
215.0,218.0,221.0,231.0,229.0,228.0,226.0,227.0
220.0,221.0,229.0,228.0,226.0,226.0,227.0,231.0
218.0,231.0,228.0,226.0,226.0,227.0,229.0,235.0
221.0,228.0,226.0,227.0,229.0,231.0,235.0,241.0
229.0,226.0,229.0,231.0,235.0,236.0,241.0,248.0
226.0,231.0,236.0,241.0,246.0,248.0,247.0,248.0
227.0,235.0,241.0,246.0,248.0,247.0,246.0,250.0
229.0,236.0,246.0,248.0,247.0,246.0,248.0,255.0
231.0,241.0,248.0,247.0,246.0,248.0,250.0,256.0
235.0,246.0,247.0,246.0,248.0,250.0,255.0,244.0
236.0,248.0,246.0,248.0,250.0,255.0,256.0,244.0
237.0,237.0,228.0,227.0,224.0,228.0,234.0,239.0
237.0,227.0,228.0,234.0,233.0,239.0,237.0,233.0
232.0,224.0,234.0,233.0,239.0,237.0,235.0,231.0
228.0,228.0,233.0,239.0,237.0,235.0,233.0,230.0
227.0,234.0,239.0,237.0,235.0,233.0,231.0,228.0
224.0,233.0,237.0,235.0,233.0,231.0,230.0,226.0
228.0,239.0,235.0,233.0,231.0,230.0,228.0,223.0
234.0,237.0,233.0,231.0,230.0,228.0,226.0,222.0
239.0,233.0,230.0,228.0,226.0,223.0,222.0,224.0
237.0,231.0,228.0,226.0,223.0,222.0,223.0,223.0
