124.0,103.0,109.0,124.0,137.0,154.0,172.0,214.0
119.0,104.0,124.0,137.0,154.0,172.0,189.0,221.0
110.0,109.0,137.0,154.0,172.0,189.0,214.0,227.0
103.0,124.0,154.0,172.0,189.0,214.0,221.0,231.0
104.0,137.0,172.0,189.0,214.0,221.0,227.0,241.0
109.0,154.0,189.0,214.0,221.0,227.0,231.0,232.0
124.0,172.0,214.0,221.0,227.0,231.0,241.0,215.0
137.0,189.0,221.0,227.0,231.0,241.0,232.0,195.0
154.0,214.0,227.0,231.0,241.0,232.0,215.0,179.0
172.0,221.0,231.0,241.0,232.0,215.0,195.0,165.0
227.0,232.0,195.0,179.0,165.0,155.0,156.0,121.0
231.0,215.0,179.0,165.0,155.0,156.0,128.0,107.0
241.0,195.0,165.0,155.0,156.0,128.0,121.0,88.0
232.0,179.0,155.0,156.0,128.0,121.0,107.0,84.0
179.0,156.0,121.0,107.0,88.0,84.0,79.0,72.0
155.0,121.0,88.0,84.0,79.0,78.0,72.0,70.0
156.0,107.0,84.0,79.0,78.0,72.0,70.0,71.0
128.0,88.0,79.0,78.0,72.0,70.0,70.0,71.0
84.0,72.0,70.0,71.0,71.0,73.0,76.0,91.0
79.0,70.0,71.0,71.0,73.0,76.0,74.0,127.0
78.0,70.0,71.0,73.0,76.0,74.0,91.0,149.0
70.0,71.0,76.0,74.0,91.0,127.0,149.0,126.0
70.0,73.0,74.0,91.0,127.0,149.0,125.0,152.0
71.0,74.0,127.0,149.0,125.0,126.0,152.0,173.0
218.0,248.0,253.0,254.0,260.0,272.0,275.0,273.0
230.0,249.0,254.0,260.0,272.0,275.0,274.0,285.0
237.0,253.0,260.0,272.0,275.0,274.0,273.0,291.0
248.0,254.0,272.0,275.0,274.0,273.0,285.0,294.0
253.0,272.0,274.0,273.0,285.0,291.0,294.0,300.0
316.0,329.0,340.0,340.0,347.0,358.0,358.0,361.0
314.0,333.0,340.0,347.0,358.0,358.0,360.0,359.0
316.0,340.0,347.0,358.0,358.0,360.0,361.0,351.0
329.0,340.0,358.0,358.0,360.0,361.0,359.0,344.0
333.0,347.0,358.0,360.0,361.0,359.0,351.0,315.0
340.0,358.0,360.0,361.0,359.0,351.0,344.0,319.0
340.0,358.0,361.0,359.0,351.0,344.0,315.0,305.0
358.0,361.0,351.0,344.0,315.0,319.0,305.0,268.0
358.0,359.0,344.0,315.0,319.0,305.0,285.0,252.0
360.0,351.0,315.0,319.0,305.0,285.0,268.0,244.0
361.0,344.0,319.0,305.0,285.0,268.0,252.0,227.0
359.0,315.0,305.0,285.0,268.0,252.0,244.0,208.0
315.0,285.0,252.0,244.0,227.0,208.0,195.0,175.0
305.0,252.0,227.0,208.0,195.0,185.0,175.0,159.0
82.0,68.0,72.0,85.0,88.0,102.0,113.0,107.0
115.0,103.0,132.0,135.0,133.0,138.0,142.0,168.0
116.0,133.0,142.0,168.0,168.0,182.0,189.0,195.0
132.0,138.0,168.0,168.0,182.0,189.0,191.0,207.0
135.0,142.0,168.0,182.0,189.0,191.0,195.0,213.0
133.0,168.0,182.0,189.0,191.0,195.0,207.0,228.0
138.0,168.0,189.0,191.0,195.0,207.0,213.0,230.0
142.0,182.0,191.0,195.0,207.0,213.0,228.0,234.0
168.0,189.0,195.0,207.0,213.0,228.0,230.0,242.0
168.0,191.0,207.0,213.0,228.0,230.0,234.0,246.0
182.0,195.0,213.0,228.0,230.0,234.0,242.0,236.0
189.0,207.0,228.0,230.0,234.0,242.0,246.0,230.0
191.0,213.0,230.0,234.0,242.0,246.0,236.0,232.0
195.0,228.0,234.0,242.0,246.0,236.0,230.0,258.0
207.0,230.0,242.0,246.0,236.0,230.0,232.0,265.0
213.0,234.0,246.0,236.0,230.0,232.0,258.0,270.0
234.0,236.0,232.0,258.0,265.0,270.0,272.0,283.0
242.0,230.0,258.0,265.0,270.0,272.0,279.0,295.0
246.0,232.0,265.0,270.0,272.0,279.0,283.0,316.0
236.0,258.0,270.0,272.0,279.0,283.0,295.0,318.0
230.0,265.0,272.0,279.0,283.0,295.0,316.0,330.0
232.0,270.0,279.0,283.0,295.0,316.0,318.0,330.0
219.0,173.0,159.0,152.0,145.0,136.0,128.0,112.0
187.0,159.0,145.0,136.0,128.0,120.0,112.0,98.0
173.0,152.0,136.0,128.0,120.0,112.0,105.0,93.0
166.0,145.0,128.0,120.0,112.0,105.0,98.0,91.0
159.0,136.0,120.0,112.0,105.0,98.0,93.0,98.0
152.0,128.0,112.0,105.0,98.0,93.0,91.0,123.0
136.0,112.0,98.0,93.0,91.0,98.0,123.0,161.0
128.0,105.0,93.0,91.0,98.0,123.0,135.0,166.0
120.0,98.0,91.0,98.0,123.0,135.0,161.0,167.0
112.0,93.0,98.0,123.0,135.0,161.0,166.0,173.0
105.0,91.0,123.0,135.0,161.0,166.0,167.0,176.0
98.0,98.0,135.0,161.0,166.0,167.0,173.0,177.0
93.0,123.0,161.0,166.0,167.0,173.0,176.0,177.0
98.0,161.0,167.0,173.0,176.0,177.0,177.0,177.0
123.0,166.0,173.0,176.0,177.0,177.0,177.0,176.0
135.0,167.0,176.0,177.0,177.0,177.0,177.0,174.0
161.0,173.0,177.0,177.0,177.0,177.0,176.0,173.0
166.0,176.0,177.0,177.0,177.0,176.0,174.0,173.0
167.0,177.0,177.0,177.0,176.0,174.0,173.0,174.0
173.0,177.0,177.0,176.0,174.0,173.0,173.0,177.0
176.0,177.0,176.0,174.0,173.0,173.0,174.0,176.0
177.0,177.0,174.0,173.0,173.0,174.0,177.0,159.0
177.0,176.0,173.0,173.0,174.0,177.0,176.0,168.0
177.0,174.0,173.0,174.0,177.0,176.0,159.0,170.0
177.0,173.0,174.0,177.0,176.0,159.0,168.0,176.0
176.0,173.0,177.0,176.0,159.0,168.0,170.0,178.0
173.0,177.0,159.0,168.0,170.0,176.0,178.0,191.0
173.0,176.0,168.0,170.0,176.0,178.0,184.0,182.0
174.0,159.0,170.0,176.0,178.0,184.0,191.0,221.0
177.0,168.0,176.0,178.0,184.0,191.0,182.0,237.0
176.0,170.0,178.0,184.0,191.0,182.0,221.0,250.0
226.0,230.0,240.0,241.0,247.0,249.0,254.0,266.0
227.0,240.0,247.0,249.0,254.0,262.0,266.0,284.0
232.0,247.0,254.0,262.0,266.0,270.0,284.0,320.0
240.0,249.0,262.0,266.0,270.0,284.0,297.0,328.0
241.0,254.0,266.0,270.0,284.0,297.0,320.0,332.0
247.0,262.0,270.0,284.0,297.0,320.0,328.0,342.0
262.0,284.0,320.0,328.0,332.0,342.0,355.0,359.0
266.0,297.0,328.0,332.0,342.0,355.0,363.0,345.0
297.0,332.0,355.0,363.0,359.0,345.0,324.0,279.0
320.0,342.0,363.0,359.0,345.0,324.0,298.0,255.0
332.0,363.0,345.0,324.0,298.0,279.0,255.0,219.0
342.0,359.0,324.0,298.0,279.0,255.0,238.0,204.0
355.0,345.0,298.0,279.0,255.0,238.0,219.0,194.0
363.0,324.0,279.0,255.0,238.0,219.0,204.0,185.0
359.0,298.0,255.0,238.0,219.0,204.0,194.0,176.0
342.9,276.6,236.1,217.5,203.0,193.1,184.1,167.0
321.4,253.3,217.5,203.0,193.1,184.1,175.1818181818182,163.0
276.6,217.5,193.1,184.1,175.1818181818182,167.0,163.0,137.0
253.3,203.0,184.1,175.1818181818182,167.0,163.0,147.9090909090909,126.0
236.1,193.1,175.1818181818182,167.0,163.0,147.9090909090909,137.0,126.0
203.0,175.1818181818182,163.0,147.9090909090909,137.0,126.0,126.0,125.0
175.1818181818182,147.9090909090909,126.0,126.0,129.54545454545453,125.0,130.9090909090909,147.0
163.0,126.0,129.54545454545453,125.0,130.9090909090909,140.0,147.0,160.0
147.9090909090909,126.0,125.0,130.9090909090909,140.0,147.0,156.0,152.0
255.0,214.0,173.0,160.0,153.0,139.0,134.0,126.0
236.0,193.0,160.0,153.0,139.0,134.0,127.0,137.0
227.0,173.0,153.0,139.0,134.0,127.0,126.0,143.0
193.0,153.0,134.0,127.0,126.0,137.0,143.0,165.0
160.0,134.0,126.0,137.0,143.0,154.0,165.0,169.0
191.0,198.0,182.0,168.0,150.0,135.0,121.0,96.0
193.0,193.0,168.0,150.0,135.0,121.0,107.0,85.0
197.0,182.0,150.0,135.0,121.0,107.0,96.0,77.0
198.0,168.0,135.0,121.0,107.0,96.0,85.0,73.0
193.0,150.0,121.0,107.0,96.0,85.0,77.0,71.0
182.0,135.0,107.0,96.0,85.0,77.0,73.0,67.0
168.0,121.0,96.0,85.0,77.0,73.0,71.0,67.0
150.0,107.0,85.0,77.0,73.0,71.0,67.0,61.0
135.0,96.0,77.0,73.0,71.0,67.0,67.0,60.0
96.0,73.0,67.0,67.0,61.0,60.0,63.0,63.0
77.0,67.0,61.0,60.0,63.0,56.0,63.0,91.0
73.0,67.0,60.0,63.0,56.0,63.0,85.0,80.0
199.0,221.0,261.0,280.0,295.0,307.0,321.0,329.0
221.0,280.0,307.0,321.0,330.0,329.0,312.0,277.0
229.0,295.0,321.0,330.0,329.0,312.0,297.0,270.0
261.0,307.0,330.0,329.0,312.0,297.0,277.0,256.0
280.0,321.0,329.0,312.0,297.0,277.0,270.0,241.0
295.0,330.0,312.0,297.0,277.0,270.0,256.0,230.0
321.0,312.0,277.0,270.0,256.0,241.0,230.0,206.0
165.0,120.0,94.0,79.0,76.0,62.0,45.0,53.0
151.0,106.0,79.0,76.0,62.0,45.0,47.0,52.0
135.0,94.0,76.0,62.0,45.0,47.0,53.0,49.0
120.0,79.0,62.0,45.0,47.0,53.0,52.0,51.0
94.0,62.0,47.0,53.0,52.0,49.0,51.0,69.0
62.0,53.0,49.0,51.0,66.0,69.0,80.0,94.0
45.0,52.0,51.0,66.0,69.0,80.0,81.0,107.0
47.0,49.0,66.0,69.0,80.0,81.0,94.0,126.0
78.0,113.0,130.0,154.0,167.0,166.0,158.0,159.0
95.0,112.0,154.0,167.0,166.0,158.0,160.0,150.0
100.0,130.0,167.0,166.0,158.0,160.0,159.0,121.0
113.0,154.0,166.0,158.0,160.0,159.0,150.0,119.0
112.0,167.0,158.0,160.0,159.0,150.0,121.0,132.0
130.0,166.0,160.0,159.0,150.0,121.0,119.0,135.0
154.0,158.0,159.0,150.0,121.0,119.0,132.0,138.0
167.0,160.0,150.0,121.0,119.0,132.0,135.0,154.0
160.0,121.0,132.0,135.0,138.0,154.0,160.0,164.0
159.0,119.0,135.0,138.0,154.0,160.0,165.0,165.0
132.0,154.0,165.0,164.0,165.0,169.0,174.0,200.0
138.0,165.0,165.0,169.0,174.0,186.0,200.0,238.0
160.0,165.0,174.0,186.0,200.0,221.0,238.0,256.0
165.0,169.0,186.0,200.0,221.0,238.0,244.0,266.0
164.0,174.0,200.0,221.0,238.0,244.0,256.0,274.0
165.0,186.0,221.0,238.0,244.0,256.0,266.0,284.0
169.0,200.0,238.0,244.0,256.0,266.0,274.0,293.0
257.0,254.0,258.0,258.0,259.0,257.0,246.0,229.0
261.0,260.0,258.0,259.0,257.0,246.0,229.0,220.0
263.0,258.0,259.0,257.0,246.0,229.0,229.0,199.0
258.0,257.0,229.0,229.0,220.0,199.0,197.0,189.0
258.0,246.0,229.0,220.0,199.0,197.0,189.0,188.0
257.0,229.0,199.0,197.0,189.0,189.0,188.0,219.0
229.0,199.0,189.0,189.0,188.0,212.0,219.0,210.0
229.0,197.0,189.0,188.0,212.0,219.0,215.0,209.0
220.0,189.0,188.0,212.0,219.0,215.0,210.0,203.0
199.0,189.0,212.0,219.0,215.0,210.0,209.0,200.0
189.0,212.0,215.0,210.0,209.0,203.0,200.0,193.0
188.0,215.0,209.0,203.0,200.0,198.0,193.0,186.0
212.0,210.0,203.0,200.0,198.0,193.0,189.0,186.0
219.0,209.0,200.0,198.0,193.0,189.0,186.0,178.0
215.0,203.0,198.0,193.0,189.0,186.0,186.0,179.0
210.0,200.0,193.0,189.0,186.0,186.0,178.0,183.0
209.0,198.0,189.0,186.0,186.0,178.0,179.0,188.0
203.0,193.0,186.0,186.0,178.0,179.0,183.0,192.0
200.0,189.0,186.0,178.0,179.0,183.0,188.0,205.0
197.5,186.0,178.1,179.4,183.5,188.4,193.3,208.0
193.0,186.0,179.0,183.0,188.0,192.0,205.0,208.0
205.27272727272728,216.8,234.5,249.36363636363637,263.0,273.0,286.8181818181818,301.0
117.0,125.0,117.0,118.0909090909091,119.0,118.0,112.0,125.0
123.0,124.0,118.0909090909091,119.0,118.0,112.0,111.0,130.0
124.0909090909091,117.0,119.0,118.0,112.0,111.0,125.0,123.0
125.0,118.0909090909091,118.0,112.0,111.0,125.0,130.0,102.0
117.0,118.0,111.0,125.0,130.0,123.0,102.0,102.0
118.0909090909091,112.0,125.0,130.0,123.0,102.0,124.0,91.0
119.0,111.0,130.0,123.0,102.0,124.0,102.0,90.0
118.0,125.0,123.0,102.0,124.0,102.0,91.0,127.0
112.0,130.0,102.0,124.0,102.0,91.0,90.0,154.0
111.0,123.0,124.0,102.0,91.0,90.0,127.0,150.0
123.0,102.0,90.0,127.0,154.0,150.0,179.0,183.0
102.0,91.0,127.0,154.0,150.0,179.0,187.0,183.0
124.0,90.0,154.0,150.0,179.0,187.0,183.0,204.0
91.0,154.0,179.0,187.0,183.0,183.0,204.0,217.0
90.0,150.0,187.0,183.0,183.0,204.0,207.0,224.0
127.0,179.0,183.0,183.0,204.0,207.0,217.0,231.0
154.0,187.0,183.0,204.0,207.0,217.0,224.0,239.0
150.0,183.0,204.0,207.0,217.0,224.0,231.0,251.0
179.0,183.0,207.0,217.0,224.0,231.0,239.0,260.0
187.0,204.0,217.0,224.0,231.0,239.0,251.0,264.0
183.0,207.0,224.0,231.0,239.0,251.0,260.0,278.0
204.0,224.0,239.0,251.0,260.0,264.0,278.0,315.0
217.0,239.0,260.0,264.0,278.0,293.0,315.0,277.0
224.0,251.0,264.0,278.0,293.0,315.0,290.0,277.0
231.0,260.0,278.0,293.0,315.0,290.0,277.0,279.0
264.0,315.0,277.0,277.0,279.0,321.0,355.0,391.0
