253.0,264.0,276.0,274.0,271.0,264.0,266.0,271.0
254.1,276.0,270.3,264.2,266.7,272.8,271.0,257.0
265.2,273.7,264.2,266.7,272.8,271.0,269.72727272727275,255.0
276.0,270.3,266.7,272.8,271.0,269.72727272727275,257.0,248.0
270.3,272.8,269.72727272727275,257.0,255.0,248.0,229.36363636363637,222.0
264.2,271.0,257.0,255.0,248.0,229.36363636363637,223.0,223.0
266.7,269.72727272727275,255.0,248.0,229.36363636363637,223.0,222.0,224.0
272.8,257.0,248.0,229.36363636363637,223.0,222.0,223.0,231.0
271.0,255.0,229.36363636363637,223.0,222.0,223.0,224.0,237.0
269.72727272727275,248.0,223.0,222.0,223.0,224.0,231.0,245.0
257.0,229.36363636363637,222.0,223.0,224.0,231.0,237.0,251.0
255.0,223.0,223.0,224.0,231.0,237.0,245.0,250.0
229.36363636363637,223.0,231.0,237.0,245.0,251.0,250.0,211.0
223.0,224.0,237.0,245.0,251.0,250.0,225.0,203.0
222.0,231.0,245.0,251.0,250.0,225.0,211.0,197.0
223.0,237.0,251.0,250.0,225.0,211.0,203.0,190.0
224.0,245.0,250.0,225.0,211.0,203.0,197.0,196.0
231.0,251.0,225.0,211.0,203.0,197.0,190.0,191.0
245.0,225.0,203.0,197.0,190.0,196.0,191.0,181.0
251.0,211.0,197.0,190.0,196.0,191.0,184.0,181.0
250.0,203.0,190.0,196.0,191.0,184.0,181.0,186.0
225.0,197.0,196.0,191.0,184.0,181.0,181.0,183.0
211.0,190.0,191.0,184.0,181.0,181.0,186.0,182.0
203.0,196.0,184.0,181.0,181.0,186.0,183.0,186.0
190.0,184.0,181.0,186.0,183.0,182.0,186.0,177.0
191.0,181.0,183.0,182.0,186.0,163.0,177.0,205.0
187.0,155.0,149.0,130.0,120.0,113.0,112.0,107.0
173.0,151.0,130.0,120.0,113.0,112.0,108.0,102.0
165.0,149.0,120.0,113.0,112.0,108.0,107.0,100.0
155.0,130.0,113.0,112.0,108.0,107.0,102.0,114.0
151.0,120.0,112.0,108.0,107.0,102.0,100.0,121.0
149.0,113.0,108.0,107.0,102.0,100.0,114.0,125.0
130.0,112.0,107.0,102.0,100.0,114.0,121.0,129.0
113.0,107.0,100.0,114.0,121.0,125.0,129.0,137.0
112.0,102.0,114.0,121.0,125.0,129.0,132.0,143.0
108.0,100.0,121.0,125.0,129.0,132.0,137.0,147.0
107.0,114.0,125.0,129.0,132.0,137.0,143.0,146.0
102.0,121.0,129.0,132.0,137.0,143.0,147.0,143.0
114.0,129.0,137.0,143.0,147.0,146.0,143.0,141.0
121.0,132.0,143.0,147.0,146.0,143.0,141.0,135.0
137.0,146.0,141.0,141.0,135.0,134.0,132.0,126.0
143.0,143.0,141.0,135.0,134.0,132.0,128.0,123.0
147.0,141.0,135.0,134.0,132.0,128.0,126.0,121.0
146.0,141.0,134.0,132.0,128.0,126.0,123.0,115.0
143.0,135.0,132.0,128.0,126.0,123.0,121.0,110.0
141.0,134.0,128.0,126.0,123.0,121.0,115.0,107.0
141.0,132.0,126.0,123.0,121.0,115.0,110.0,106.0
135.0,128.0,123.0,121.0,115.0,110.0,107.0,100.0
134.0,126.0,121.0,115.0,110.0,107.0,106.0,95.0
132.0,123.0,115.0,110.0,107.0,106.0,100.0,90.0
128.0,121.0,110.0,107.0,106.0,100.0,95.0,89.0
126.0,115.0,107.0,106.0,100.0,95.0,90.0,90.0
123.0,110.0,106.0,100.0,95.0,90.0,89.0,89.0
121.0,107.0,100.0,95.0,90.0,89.0,90.0,89.0
115.0,106.0,95.0,90.0,89.0,90.0,89.0,91.0
110.0,100.0,90.0,89.0,90.0,89.0,89.0,96.0
107.0,95.0,89.0,90.0,89.0,89.0,91.0,95.0
268.0,228.0,212.0,208.0,206.0,199.0,194.0,195.0
255.0,218.0,208.0,206.0,199.0,194.0,194.0,197.0
240.0,212.0,206.0,199.0,194.0,194.0,195.0,204.0
228.0,208.0,199.0,194.0,194.0,195.0,197.0,204.0
208.0,194.0,195.0,197.0,204.0,204.0,203.0,202.0
206.0,194.0,197.0,204.0,204.0,203.0,202.0,196.0
195.0,204.0,202.0,202.0,196.0,191.0,188.0,176.0
197.0,203.0,202.0,196.0,191.0,188.0,179.0,174.0
204.0,202.0,196.0,191.0,188.0,179.0,176.0,173.0
204.0,202.0,191.0,188.0,179.0,176.0,174.0,168.0
203.0,196.0,188.0,179.0,176.0,174.0,173.0,166.0
202.0,191.0,179.0,176.0,174.0,173.0,168.0,165.0
202.0,188.0,176.0,174.0,173.0,168.0,166.0,166.0
179.0,173.0,166.0,165.0,166.0,163.0,162.0,159.0
176.0,168.0,165.0,166.0,163.0,162.0,161.0,164.0
174.0,166.0,166.0,163.0,162.0,161.0,159.0,169.0
173.0,165.0,163.0,162.0,161.0,159.0,164.0,171.0
161.0,169.0,171.0,166.0,160.0,155.0,152.0,148.0
164.5,171.0,159.5,154.7,151.7,148.9,148.0,146.0
170.0,189.0,202.0,198.0,196.0,190.0,185.0,183.0
201.1,195.4,185.0,185.0,182.6,178.7,175.5,170.0
201.6,189.5,185.0,182.6,178.7,175.5,170.9090909090909,168.0
189.5,182.6,175.5,170.9090909090909,170.0,168.0,166.9,164.0
185.0,175.5,170.0,168.0,166.9,165.8181818181818,164.0,163.0
182.6,170.9090909090909,168.0,166.9,165.8181818181818,164.0,162.0,168.0
170.9090909090909,166.9,164.0,162.0,163.0,168.0,176.0,177.0
170.0,165.8181818181818,162.0,163.0,168.0,176.0,178.0,176.0
166.9,162.0,168.0,176.0,178.0,177.0,176.0,170.0
165.8181818181818,163.0,176.0,178.0,177.0,176.0,176.0,169.0
164.0,168.0,178.0,177.0,176.0,176.0,170.0,171.0
162.0,176.0,177.0,176.0,176.0,170.0,169.0,171.0
163.0,178.0,176.0,176.0,170.0,169.0,171.0,172.0
176.0,176.0,170.0,169.0,171.0,171.0,172.0,170.0
178.0,176.0,169.0,171.0,171.0,172.0,172.0,170.0
177.0,170.0,171.0,171.0,172.0,172.0,170.0,168.0
176.0,169.0,171.0,172.0,172.0,170.0,170.0,163.0
176.0,171.0,172.0,172.0,170.0,170.0,168.0,159.0
170.0,171.0,172.0,170.0,170.0,168.0,163.0,152.0
171.0,172.0,170.0,168.0,163.0,159.0,152.0,147.0
171.0,170.0,168.0,163.0,159.0,152.0,149.0,144.0
172.0,170.0,163.0,159.0,152.0,149.0,147.0,142.0
172.0,168.0,159.0,152.0,149.0,147.0,144.0,139.0
170.0,159.0,149.0,147.0,144.0,142.0,139.0,135.0
220.0,243.0,234.0,240.0,253.0,270.0,289.0,293.0
243.0,240.0,270.0,289.0,292.0,293.0,295.0,298.0
253.0,292.0,295.0,295.0,298.0,300.0,297.0,289.0
270.0,293.0,295.0,298.0,300.0,297.0,290.0,288.0
289.0,295.0,298.0,300.0,297.0,290.0,289.0,291.0
292.0,295.0,300.0,297.0,290.0,289.0,288.0,289.0
295.0,300.0,290.0,289.0,288.0,291.0,289.0,284.0
300.0,289.0,291.0,289.0,287.0,284.0,279.0,264.0
173.0,174.0,144.0,136.0,133.0,131.0,119.0,109.0
179.0,160.0,136.0,133.0,131.0,119.0,113.0,106.0
180.0,144.0,133.0,131.0,119.0,113.0,109.0,104.0
174.0,136.0,131.0,119.0,113.0,109.0,106.0,105.0
144.0,131.0,113.0,109.0,106.0,104.0,105.0,108.0
136.0,119.0,109.0,106.0,104.0,105.0,107.0,108.0
133.0,113.0,106.0,104.0,105.0,107.0,108.0,107.0
131.0,109.0,104.0,105.0,107.0,108.0,108.0,107.0
119.0,106.0,105.0,107.0,108.0,108.0,107.0,112.0
113.0,104.0,107.0,108.0,108.0,107.0,107.0,115.0
109.0,105.0,108.0,108.0,107.0,107.0,112.0,117.0
106.0,107.0,108.0,107.0,107.0,112.0,115.0,120.0
107.0,107.0,112.0,115.0,117.0,120.0,119.0,121.0
108.0,107.0,115.0,117.0,120.0,119.0,119.0,130.0
107.0,115.0,120.0,119.0,119.0,121.0,130.0,135.0
112.0,120.0,119.0,121.0,130.0,132.0,135.0,142.0
115.0,119.0,121.0,130.0,132.0,135.0,139.0,145.0
117.0,119.0,130.0,132.0,135.0,139.0,142.0,147.0
120.0,121.0,132.0,135.0,139.0,142.0,145.0,149.0
119.0,130.0,135.0,139.0,142.0,145.0,147.0,154.0
121.0,135.0,142.0,145.0,147.0,149.0,154.0,159.0
132.0,142.0,147.0,149.0,154.0,154.0,159.0,161.0
135.0,145.0,149.0,154.0,154.0,159.0,161.0,166.0
139.0,147.0,154.0,154.0,159.0,161.0,161.0,166.0
145.0,154.0,159.0,161.0,161.0,166.0,166.0,171.0
149.0,159.0,161.0,166.0,166.0,168.0,171.0,179.0
154.0,161.0,166.0,166.0,168.0,171.0,176.0,182.0
73.0,56.0,61.0,66.0,67.0,81.0,98.0,119.0
64.0,55.0,66.0,67.0,81.0,98.0,109.0,139.0
56.0,66.0,81.0,98.0,109.0,119.0,139.0,139.0
55.0,67.0,98.0,109.0,119.0,139.0,145.0,124.0
61.0,81.0,109.0,119.0,139.0,145.0,139.0,114.0
66.0,98.0,119.0,139.0,145.0,139.0,124.0,110.0
67.0,109.0,139.0,145.0,139.0,124.0,114.0,103.0
81.0,119.0,145.0,139.0,124.0,114.0,110.0,99.0
98.0,139.0,139.0,124.0,114.0,110.0,103.0,94.0
119.0,139.0,114.0,110.0,103.0,99.0,94.0,93.0
139.0,124.0,110.0,103.0,99.0,94.0,93.0,105.0
145.0,114.0,103.0,99.0,94.0,93.0,93.0,124.0
139.0,110.0,99.0,94.0,93.0,93.0,105.0,139.0
124.0,103.0,94.0,93.0,93.0,105.0,124.0,139.0
110.0,94.0,93.0,105.0,124.0,139.0,139.0,141.0
103.0,93.0,105.0,124.0,139.0,139.0,139.0,132.0
93.9,106.9,139.0,139.0,139.2,140.1,131.5,131.0
94.2,139.0,139.2,140.1,131.5,127.36363636363636,131.0,126.0
106.9,139.0,140.1,131.5,127.36363636363636,131.0,131.0,124.0
125.5,139.2,131.5,127.36363636363636,131.0,131.0,126.0,131.0
139.2,127.36363636363636,131.0,126.0,124.0,131.0,131.9090909090909,142.0
131.0,131.0,131.0,142.0,145.0,147.0,151.0,160.0
124.0,131.0,145.0,147.0,151.0,157.0,160.0,163.0
131.0,142.0,147.0,151.0,157.0,160.0,161.0,165.0
181.0,197.0,195.0,196.0,193.0,192.0,194.0,196.0
191.0,196.0,196.0,193.0,192.0,194.0,197.0,197.0
195.0,195.0,193.0,192.0,194.0,197.0,196.0,198.0
197.0,196.0,192.0,194.0,197.0,196.0,197.0,198.0
195.0,192.0,197.0,196.0,197.0,198.0,198.0,206.0
193.0,197.0,197.0,198.0,198.0,203.0,206.0,203.0
192.0,196.0,198.0,198.0,203.0,206.0,205.0,203.0
194.0,197.0,198.0,203.0,206.0,205.0,203.0,202.0
197.0,198.0,203.0,206.0,205.0,203.0,203.0,203.0
196.0,198.0,206.0,205.0,203.0,203.0,202.0,203.0
197.0,203.0,205.0,203.0,203.0,202.0,203.0,202.0
198.0,206.0,203.0,203.0,202.0,203.0,203.0,203.0
198.0,205.0,203.0,202.0,203.0,203.0,202.0,204.0
203.0,203.0,202.0,203.0,203.0,202.0,203.0,203.0
206.0,203.0,203.0,203.0,202.0,203.0,204.0,201.0
205.0,202.0,203.0,202.0,203.0,204.0,203.0,199.0
203.0,203.0,203.0,204.0,203.0,201.0,199.0,194.0
202.0,202.0,204.0,203.0,201.0,199.0,196.0,191.0
203.0,203.0,203.0,201.0,199.0,196.0,194.0,190.0
203.0,204.0,201.0,199.0,196.0,194.0,191.0,189.0
202.0,203.0,199.0,196.0,194.0,191.0,190.0,188.0
203.0,201.0,196.0,194.0,191.0,190.0,189.0,187.0
203.0,196.0,191.0,190.0,189.0,188.0,187.0,186.0
201.0,194.0,190.0,189.0,188.0,187.0,188.0,181.0
199.0,191.0,189.0,188.0,187.0,188.0,186.0,179.0
196.0,190.0,188.0,187.0,188.0,186.0,181.0,179.0
194.0,189.0,187.0,188.0,186.0,181.0,179.0,183.0
190.0,187.0,186.0,181.0,179.0,179.0,183.0,186.0
189.0,188.0,181.0,179.0,179.0,183.0,183.0,186.0
187.0,181.0,179.0,183.0,183.0,186.0,186.0,169.0
158.0,147.0,141.0,138.0,134.0,132.0,125.0,113.0
151.0,141.0,134.0,132.0,125.0,119.0,113.0,107.0
143.0,134.0,125.0,119.0,113.0,110.0,107.0,104.0
141.0,132.0,119.0,113.0,110.0,107.0,106.0,104.0
132.0,113.0,107.0,106.0,104.0,104.0,104.0,103.0
125.0,110.0,106.0,104.0,104.0,104.0,104.0,98.0
119.0,107.0,104.0,104.0,104.0,104.0,103.0,98.0
110.0,104.0,104.0,104.0,103.0,98.0,98.0,99.0
106.0,104.0,103.0,98.0,98.0,98.0,99.0,100.0
104.0,104.0,98.0,98.0,98.0,99.0,100.0,100.0
104.0,103.0,98.0,98.0,99.0,100.0,100.0,99.0
104.0,98.0,99.0,100.0,100.0,100.0,99.0,97.0
98.0,99.0,100.0,100.0,99.0,97.0,97.0,90.0
98.0,100.0,99.0,97.0,97.0,94.0,90.0,88.0
99.9,96.7,90.0909090909091,91.0,87.5,83.0,83.0,85.0
93.6,87.5,83.0,83.18181818181819,85.0,84.0,82.6,79.0
91.0,83.0,85.0,84.0,82.6,79.0,79.0,79.0
87.5,83.18181818181819,84.0,82.6,79.0,79.0,79.0,88.0
83.0,85.0,82.6,79.0,79.0,79.0,79.0,102.0
322.6,314.0,313.0,304.0,299.0,283.0,271.0,250.0
327.0,313.90909090909093,304.0,299.0,283.0,271.0,256.0,233.0
314.0,304.0,283.0,271.0,256.0,250.0,233.0,189.0
313.90909090909093,299.0,271.0,256.0,250.0,233.0,203.0,183.0
313.0,283.0,256.0,250.0,233.0,203.0,189.0,179.0
304.0,271.0,250.0,233.0,203.0,189.0,183.0,171.0
299.0,256.0,233.0,203.0,189.0,183.0,179.0,163.0
283.0,250.0,203.0,189.0,183.0,179.0,171.0,157.0
271.0,233.0,189.0,183.0,179.0,171.0,163.0,152.0
250.0,189.0,179.0,171.0,163.0,157.0,152.0,140.0
233.0,183.0,171.0,163.0,157.0,152.0,147.0,130.0
203.0,179.0,163.0,157.0,152.0,147.0,140.0,120.0
189.0,171.0,157.0,152.0,147.0,140.0,130.0,114.0
183.0,163.0,152.0,147.0,140.0,130.0,120.0,113.0
171.0,152.0,140.0,130.0,120.0,114.0,113.0,114.0
163.0,147.0,130.0,120.0,114.0,113.0,114.0,110.0
157.0,140.0,120.0,114.0,113.0,114.0,114.0,105.0
152.0,130.0,114.0,113.0,114.0,114.0,110.0,100.0
147.0,120.0,113.0,114.0,114.0,110.0,105.0,95.0
140.0,114.0,114.0,114.0,110.0,105.0,100.0,88.0
130.0,113.0,114.0,110.0,105.0,100.0,95.0,84.0
114.0,114.0,105.0,100.0,95.0,88.0,84.0,75.0
113.0,110.0,100.0,95.0,88.0,84.0,81.0,73.0
114.0,105.0,95.0,88.0,84.0,81.0,75.0,70.0
114.0,100.0,88.0,84.0,81.0,75.0,73.0,67.0
100.0,84.0,75.0,73.0,70.0,67.0,64.0,65.0
88.0,75.0,70.0,67.0,64.0,64.0,65.0,67.0
84.0,73.0,67.0,64.0,64.0,65.0,64.0,68.0
151.0,149.0,155.0,171.0,180.0,187.0,194.0,198.0
156.0,148.0,171.0,180.0,187.0,194.0,191.0,204.0
153.0,155.0,180.0,187.0,194.0,191.0,198.0,209.0
149.0,171.0,187.0,194.0,191.0,198.0,204.0,213.0
148.0,180.0,194.0,191.0,198.0,204.0,209.0,215.0
156.6,187.7,191.7,198.6,204.5,209.4,213.2,210.0
187.7,198.6,209.4,213.2,214.54545454545453,210.0,207.0,216.0
198.6,213.2,210.0,207.0,213.27272727272728,216.0,217.0,220.0
204.5,214.54545454545453,207.0,213.27272727272728,216.0,217.0,217.27272727272728,220.0
213.2,207.0,216.0,217.0,217.27272727272728,220.0,220.0,215.0
210.0,216.0,217.27272727272728,220.0,220.0,218.0,215.0,205.0
207.0,217.0,220.0,220.0,218.0,215.0,216.0,203.0
216.0,220.0,218.0,215.0,216.0,205.0,203.0,200.0
217.27272727272728,218.0,216.0,205.0,203.0,200.0,200.0,202.0
220.0,215.0,205.0,203.0,200.0,200.0,197.0,196.0
205.0,200.0,202.0,196.0,196.0,188.0,169.0,174.0
203.0,197.0,196.0,196.0,188.0,169.0,170.0,173.0
200.0,202.0,196.0,188.0,169.0,170.0,174.0,170.0
200.0,196.0,188.0,169.0,170.0,174.0,173.0,172.0
202.0,188.0,170.0,174.0,173.0,170.0,172.0,167.0
196.0,169.0,174.0,173.0,170.0,172.0,175.0,154.0
196.0,170.0,173.0,170.0,172.0,175.0,167.0,138.0
127.0,135.0,124.0,108.0,109.0,109.0,110.0,104.0
132.0,137.0,108.0,109.0,109.0,110.0,107.0,103.0
133.0,124.0,109.0,109.0,110.0,107.0,104.0,103.0
135.0,108.0,109.0,110.0,107.0,104.0,103.0,102.0
137.0,109.0,110.0,107.0,104.0,103.0,103.0,101.0
124.0,109.0,107.0,104.0,103.0,103.0,102.0,105.0
108.0,110.0,104.0,103.0,103.0,102.0,101.0,109.0
109.0,107.0,103.0,103.0,102.0,101.0,105.0,109.0
109.0,104.0,103.0,102.0,101.0,105.0,109.0,115.0
107.0,103.0,101.0,105.0,109.0,109.0,115.0,132.0
104.0,102.0,105.0,109.0,109.0,115.0,121.0,136.0
102.0,109.0,115.0,121.0,132.0,136.0,146.0,154.0
101.0,109.0,121.0,132.0,136.0,146.0,155.0,155.0
109.0,121.0,136.0,146.0,155.0,154.0,155.0,156.0
109.0,132.0,146.0,155.0,154.0,155.0,156.0,144.0
115.0,136.0,155.0,154.0,155.0,156.0,156.0,146.0
132.0,155.0,155.0,156.0,156.0,144.0,146.0,147.0
136.0,154.0,156.0,156.0,144.0,146.0,146.0,160.0
146.0,155.0,156.0,144.0,146.0,146.0,147.0,157.0
155.0,156.0,144.0,146.0,146.0,147.0,160.0,154.0
155.0,144.0,146.0,147.0,160.0,157.0,154.0,150.0
156.0,146.0,147.0,160.0,157.0,154.0,152.0,149.0
156.0,146.0,160.0,157.0,154.0,152.0,150.0,152.0
144.0,147.0,157.0,154.0,152.0,150.0,149.0,140.0
146.0,160.0,154.0,152.0,150.0,149.0,152.0,139.0
147.0,154.0,150.0,149.0,152.0,140.0,139.0,134.0
160.0,152.0,149.0,152.0,140.0,139.0,136.0,133.0
203.0,190.0,191.0,188.0,185.0,179.0,175.0,173.0
201.0,192.0,188.0,185.0,179.0,175.0,174.0,179.0
190.0,188.0,179.0,175.0,174.0,173.0,179.0,170.0
192.0,185.0,175.0,174.0,173.0,179.0,172.0,179.0
191.0,179.0,174.0,173.0,179.0,172.0,170.0,180.0
188.0,175.0,173.0,179.0,172.0,170.0,179.0,180.0
185.0,174.0,179.0,172.0,170.0,179.0,180.0,178.0
179.0,173.0,172.0,170.0,179.0,180.0,180.0,178.0
175.0,179.0,170.0,179.0,180.0,180.0,178.0,179.0
174.0,172.0,179.0,180.0,180.0,178.0,178.0,179.0
179.0,179.0,180.0,178.0,178.0,179.0,179.0,180.0
172.0,180.0,178.0,178.0,179.0,179.0,180.0,179.0
170.0,180.0,178.0,179.0,179.0,180.0,180.0,179.0
179.0,178.0,179.0,179.0,180.0,180.0,179.0,178.0
180.0,179.0,180.0,180.0,179.0,179.0,178.0,170.0
178.0,179.0,180.0,179.0,179.0,178.0,175.0,169.0
178.0,180.0,179.0,179.0,178.0,175.0,170.0,166.0
179.0,180.0,179.0,178.0,175.0,170.0,169.0,164.0
179.0,179.0,178.0,175.0,170.0,169.0,166.0,163.0
180.0,178.0,170.0,169.0,166.0,164.0,163.0,150.0
179.0,175.0,169.0,166.0,164.0,163.0,154.0,135.0
179.0,170.0,166.0,164.0,163.0,154.0,150.0,112.0
178.0,169.0,164.0,163.0,154.0,150.0,135.0,113.0
175.0,166.0,163.0,154.0,150.0,135.0,112.0,135.0
164.0,150.0,112.0,113.0,135.0,138.0,138.0,134.0
163.0,135.0,113.0,135.0,138.0,138.0,134.0,132.0
154.0,112.0,135.0,138.0,138.0,134.0,134.0,132.0
150.0,113.0,138.0,138.0,134.0,134.0,132.0,125.0
135.0,135.0,138.0,134.0,134.0,132.0,132.0,107.0
292.0,272.0,265.0,265.0,260.0,266.0,259.0,280.0
293.0,264.0,265.0,260.0,266.0,259.0,269.0,280.0
293.0,265.0,260.0,266.0,259.0,269.0,280.0,284.0
272.0,265.0,266.0,259.0,269.0,280.0,280.0,274.0
264.0,260.0,259.0,269.0,280.0,280.0,284.0,275.0
265.0,259.0,280.0,280.0,284.0,274.0,275.0,283.0
260.0,269.0,280.0,284.0,274.0,275.0,281.0,284.0
266.0,280.0,284.0,274.0,275.0,281.0,283.0,285.0
269.0,284.0,275.0,281.0,283.0,284.0,285.0,285.0
280.0,275.0,283.0,284.0,285.0,285.0,285.0,301.0
284.0,281.0,284.0,285.0,285.0,285.0,303.0,297.0
274.0,283.0,285.0,285.0,285.0,303.0,301.0,292.0
275.0,284.0,285.0,285.0,303.0,301.0,297.0,292.0
281.0,285.0,285.0,303.0,301.0,297.0,292.0,286.0
283.0,285.0,303.0,301.0,297.0,292.0,292.0,284.0
284.0,285.0,301.0,297.0,292.0,292.0,286.0,285.0
285.0,303.0,297.0,292.0,292.0,286.0,284.0,286.0
285.0,301.0,292.0,292.0,286.0,284.0,285.0,286.0
285.0,297.0,292.0,286.0,284.0,285.0,286.0,283.0
303.0,292.0,286.0,284.0,285.0,286.0,286.0,283.0
301.0,292.0,284.0,285.0,286.0,286.0,283.0,280.0
297.0,286.0,285.0,286.0,286.0,283.0,283.0,277.0
292.0,284.0,286.0,286.0,283.0,283.0,280.0,272.0
292.0,285.0,286.0,283.0,283.0,280.0,277.0,271.0
286.0,286.0,283.0,283.0,280.0,277.0,272.0,269.0
285.0,283.0,280.0,277.0,272.0,271.0,269.0,257.0
286.0,280.0,272.0,271.0,269.0,261.0,257.0,261.0
283.0,277.0,271.0,269.0,261.0,257.0,260.0,258.0
283.0,272.0,269.0,261.0,257.0,260.0,261.0,254.0
280.0,271.0,261.0,257.0,260.0,261.0,258.0,249.0
276.5,268.2,257.3,260.1,260.7,257.6,253.5,247.0
123.0,148.0,157.0,161.0,164.0,166.0,169.0,182.0
137.0,152.0,161.0,164.0,166.0,169.0,172.0,188.0
146.0,157.0,164.0,166.0,169.0,172.0,182.0,192.0
152.0,164.0,169.0,172.0,182.0,188.0,192.0,206.0
157.0,166.0,172.0,182.0,188.0,192.0,200.0,218.0
164.0,172.0,188.0,192.0,200.0,206.0,218.0,219.0
166.0,182.0,192.0,200.0,206.0,218.0,220.0,219.0
169.0,188.0,200.0,206.0,218.0,220.0,219.0,220.0
172.0,192.0,206.0,218.0,220.0,219.0,219.0,220.0
182.0,200.0,218.0,220.0,219.0,219.0,220.0,212.0
188.0,206.0,220.0,219.0,219.0,220.0,220.0,210.0
192.0,218.0,219.0,219.0,220.0,220.0,212.0,213.0
200.0,220.0,219.0,220.0,220.0,212.0,210.0,216.0
206.0,219.0,220.0,220.0,212.0,210.0,213.0,216.0
218.0,219.0,220.0,212.0,210.0,213.0,216.0,215.0
220.0,220.0,212.0,210.0,213.0,216.0,216.0,214.0
219.0,220.0,210.0,213.0,216.0,216.0,215.0,217.0
220.0,210.0,216.0,216.0,215.0,214.0,217.0,218.0
220.0,213.0,216.0,215.0,214.0,217.0,218.0,221.0
210.0,216.0,214.0,217.0,218.0,218.0,221.0,218.0
213.0,215.0,217.0,218.0,218.0,221.0,224.0,217.0
216.0,217.0,218.0,221.0,224.0,218.0,217.0,215.0
215.0,218.0,221.0,224.0,218.0,217.0,217.0,217.0
214.0,218.0,224.0,218.0,217.0,217.0,215.0,218.0
217.0,221.0,218.0,217.0,217.0,215.0,217.0,216.0
218.0,224.0,217.0,217.0,215.0,217.0,218.0,205.0
218.0,218.0,217.0,215.0,217.0,218.0,216.0,194.0
222.0,227.0,228.0,229.0,229.0,227.0,221.0,217.0
220.0,226.0,229.0,229.0,227.0,221.0,216.0,219.0
225.0,228.0,229.0,227.0,221.0,216.0,217.0,219.0
227.0,229.0,227.0,221.0,216.0,217.0,219.0,220.0
226.0,229.0,221.0,216.0,217.0,219.0,219.0,221.0
228.0,227.0,216.0,217.0,219.0,219.0,220.0,219.0
229.0,221.0,217.0,219.0,219.0,220.0,221.0,217.0
229.0,216.0,219.0,219.0,220.0,221.0,219.0,227.0
227.0,217.0,219.0,220.0,221.0,219.0,217.0,222.0
216.0,219.0,221.0,219.0,217.0,227.0,222.0,213.0
217.0,220.0,219.0,217.0,227.0,222.0,220.0,206.0
219.0,221.0,217.0,227.0,222.0,220.0,213.0,205.0
220.0,217.0,222.0,220.0,213.0,206.0,205.0,207.0
221.0,227.0,220.0,213.0,206.0,205.0,204.0,205.0
227.0,213.0,205.0,204.0,207.0,205.0,203.0,197.0
222.0,206.0,204.0,207.0,205.0,203.0,201.0,192.0
220.0,205.0,207.0,205.0,203.0,201.0,197.0,190.0
213.0,204.0,205.0,203.0,201.0,197.0,192.0,190.0
206.0,207.0,203.0,201.0,197.0,192.0,190.0,189.0
205.0,205.0,201.0,197.0,192.0,190.0,190.0,188.0
204.0,203.0,197.0,192.0,190.0,190.0,189.0,188.0
207.0,201.0,192.0,190.0,190.0,189.0,188.0,188.0
205.0,197.0,190.0,190.0,189.0,188.0,188.0,188.0
203.0,192.0,190.0,189.0,188.0,188.0,188.0,193.0
201.0,190.0,189.0,188.0,188.0,188.0,188.0,194.0
197.0,190.0,188.0,188.0,188.0,188.0,193.0,194.0
192.0,189.0,188.0,188.0,188.0,193.0,194.0,189.0
190.0,188.0,188.0,188.0,193.0,194.0,194.0,188.0
190.0,188.0,188.0,193.0,194.0,194.0,189.0,189.0
189.0,188.0,193.0,194.0,194.0,189.0,188.0,189.0
172.8,182.8,180.0,181.3,194.4,208.7,225.1818181818182,238.0
180.0,208.7,237.0,238.0,238.9,238.0,238.0,235.0
181.3,225.1818181818182,238.0,238.9,238.0,238.0,238.0,235.0
237.0,238.0,238.0,235.0,235.0,235.0,234.27272727272728,220.0
238.9,238.0,235.0,235.0,234.27272727272728,227.0,220.0,222.0
238.0,235.0,235.0,234.27272727272728,227.0,220.0,217.0,222.0
238.0,235.0,234.27272727272728,227.0,220.0,217.0,222.0,223.0
235.0,234.27272727272728,220.0,217.0,222.0,222.0,223.0,234.0
235.0,220.0,222.0,222.0,223.0,229.0,234.0,232.0
234.27272727272728,217.0,222.0,223.0,229.0,234.0,233.0,231.0
227.0,222.0,223.0,229.0,234.0,233.0,232.0,233.0
220.0,222.0,229.0,234.0,233.0,232.0,231.0,235.0
222.0,234.0,232.0,231.0,233.0,235.0,233.0,227.0
223.0,233.0,231.0,233.0,235.0,233.0,232.0,224.0
229.0,232.0,233.0,235.0,233.0,232.0,227.0,228.0
234.0,231.0,235.0,233.0,232.0,227.0,224.0,228.0
232.0,235.0,232.0,227.0,224.0,228.0,228.0,215.0
233.0,224.0,228.0,225.0,215.0,219.0,215.0,206.0
232.0,228.0,225.0,215.0,219.0,215.0,207.0,210.0
227.0,228.0,215.0,219.0,215.0,207.0,206.0,206.0
291.0,272.0,272.0,262.0,259.0,249.0,249.0,259.0
271.0,275.0,262.0,259.0,249.0,249.0,256.0,261.0
272.0,272.0,259.0,249.0,249.0,256.0,259.0,262.0
272.0,262.0,249.0,249.0,256.0,259.0,261.0,270.0
275.0,259.0,249.0,256.0,259.0,261.0,262.0,269.0
271.0,249.0,256.3,259.2,261.1,262.8,269.9,257.0
262.0,249.0,259.0,261.0,262.0,270.0,269.0,266.0
249.0,259.2,262.8,269.9,267.90909090909093,257.0,266.0,268.0
256.3,262.8,267.90909090909093,257.0,266.0,266.1818181818182,268.0,267.0
259.2,269.9,257.0,266.0,266.1818181818182,268.0,267.90909090909093,264.0
261.1,267.90909090909093,266.0,266.1818181818182,268.0,267.90909090909093,267.0,265.0
262.8,257.0,266.1818181818182,268.0,267.90909090909093,267.0,264.0,263.0
269.9,266.0,268.0,267.90909090909093,267.0,264.0,265.0,260.0
266.1818181818182,267.0,265.0,263.0,260.0,256.0,255.0,246.0
268.0,264.0,263.0,260.0,256.0,255.0,252.0,240.0
267.90909090909093,265.0,260.0,256.0,255.0,252.0,246.0,242.0
267.0,263.0,256.0,255.0,252.0,246.0,240.0,236.0
264.0,260.0,255.0,252.0,246.0,240.0,242.0,233.0
265.0,256.0,252.0,246.0,240.0,242.0,236.0,229.0
260.0,252.0,240.0,242.0,236.0,233.0,229.0,217.0
256.0,246.0,242.0,236.0,233.0,229.0,226.0,216.0
252.0,242.0,233.0,229.0,226.0,217.0,216.0,212.0
246.0,236.0,229.0,226.0,217.0,216.0,215.0,221.0
240.0,233.0,226.0,217.0,216.0,215.0,212.0,222.0
242.0,229.0,217.0,216.0,215.0,212.0,221.0,223.0
236.0,226.0,216.0,215.0,212.0,221.0,222.0,235.0
218.0,238.0,257.0,253.0,252.0,254.0,262.0,286.0
229.0,252.0,253.0,252.0,254.0,262.0,279.0,291.0
228.0,257.0,252.0,254.0,262.0,279.0,286.0,297.0
238.0,253.0,254.0,262.0,279.0,286.0,291.0,293.0
252.0,252.0,262.0,279.0,286.0,291.0,297.0,291.0
257.0,254.0,279.0,286.0,291.0,297.0,293.0,286.0
253.0,262.0,286.0,291.0,297.0,293.0,291.0,274.0
252.0,279.0,291.0,297.0,293.0,291.0,286.0,267.0
254.0,286.0,297.0,293.0,291.0,286.0,274.0,256.0
279.0,297.0,291.0,286.0,274.0,267.0,256.0,237.0
291.0,291.0,274.0,267.0,256.0,245.0,237.0,234.0
297.0,286.0,267.0,256.0,245.0,237.0,237.0,220.0
293.0,274.0,256.0,245.0,237.0,237.0,234.0,209.0
291.0,267.0,245.0,237.0,237.0,234.0,220.0,202.0
286.0,256.0,237.0,237.0,234.0,220.0,209.0,200.0
267.0,237.0,234.0,220.0,209.0,202.0,200.0,193.0
245.0,234.0,209.0,202.0,200.0,195.0,193.0,196.0
237.0,220.0,202.0,200.0,195.0,193.0,192.0,199.0
237.0,209.0,200.0,195.0,193.0,192.0,196.0,209.0
220.0,200.0,193.0,192.0,196.0,199.0,209.0,220.0
209.0,195.0,192.0,196.0,199.0,209.0,218.0,221.0
202.0,193.0,196.0,199.0,209.0,218.0,220.0,224.0
200.0,192.0,199.0,209.0,218.0,220.0,221.0,235.0
195.0,196.0,209.0,218.0,220.0,221.0,224.0,245.0
193.0,199.0,218.0,220.0,221.0,224.0,235.0,252.0
196.0,218.0,221.0,224.0,235.0,245.0,252.0,257.0
199.0,220.0,224.0,235.0,245.0,252.0,254.0,255.0
206.0,201.0,201.0,204.0,205.0,205.0,204.0,201.0
203.0,200.0,204.0,205.0,205.0,204.0,206.0,201.0
202.0,201.0,205.0,205.0,204.0,206.0,201.0,204.0
201.0,204.0,205.0,204.0,206.0,201.0,201.0,207.0
200.0,205.0,204.0,206.0,201.0,201.0,204.0,209.0
201.0,205.0,206.0,201.0,201.0,204.0,207.0,200.0
204.0,204.0,201.0,201.0,204.0,207.0,209.0,197.0
205.0,206.0,201.0,204.0,207.0,209.0,200.0,196.0
205.0,201.0,204.0,207.0,209.0,200.0,197.0,200.0
204.0,201.0,207.0,209.0,200.0,197.0,196.0,194.0
206.0,204.0,209.0,200.0,197.0,196.0,200.0,188.0
201.0,209.0,197.0,196.0,200.0,194.0,188.0,182.0
204.0,200.0,196.0,200.0,194.0,188.0,187.0,181.0
207.0,197.0,200.0,194.0,188.0,187.0,182.0,182.0
209.0,196.0,194.0,188.0,187.0,182.0,181.0,179.0
200.0,200.0,188.0,187.0,182.0,181.0,182.0,178.0
197.0,194.0,187.0,182.0,181.0,182.0,179.0,177.0
200.0,187.0,181.0,182.0,179.0,178.0,177.0,175.0
193.4,181.9,181.7,178.9,177.9,176.8,175.0,172.0
188.0,181.0,179.0,178.0,177.0,175.0,175.0,165.0
179.0,175.0,172.27272727272728,165.0,159.0,158.0,155.0,149.0
178.0,175.0,165.0,159.0,158.0,155.0,149.0,145.0
176.8,172.0,158.9,157.7,154.4,149.0,148.6,144.0
175.0,165.0,158.0,155.0,149.0,149.0,145.0,139.0
206.2,185.3,174.0,166.5,161.4,155.63636363636363,152.0,148.0
198.8,178.54545454545453,166.5,161.4,155.63636363636363,152.0,149.0,146.0
195.9,174.0,161.4,155.63636363636363,152.0,149.0,148.0,147.0
185.3,166.5,155.63636363636363,152.0,149.0,148.0,146.0,150.0
174.0,155.63636363636363,149.0,148.0,146.0,147.0,150.0,158.0
166.5,152.0,148.0,146.0,147.0,150.0,154.0,166.0
155.63636363636363,148.0,147.0,150.0,154.0,158.0,166.0,176.0
152.0,146.0,150.0,154.0,158.0,166.0,176.0,174.0
149.0,147.0,154.0,158.0,166.0,176.0,176.0,182.0
148.0,150.0,158.0,166.0,176.0,176.0,174.0,188.0
146.0,154.0,166.0,176.0,176.0,174.0,182.0,191.0
147.0,158.0,176.0,176.0,174.0,182.0,188.0,195.0
150.0,166.0,176.0,174.0,182.0,188.0,191.0,196.0
154.0,176.0,174.0,182.0,188.0,191.0,195.0,200.0
158.0,176.0,182.0,188.0,191.0,195.0,196.0,199.0
166.0,174.0,188.0,191.0,195.0,196.0,200.0,200.0
176.0,188.0,195.0,196.0,200.0,199.0,200.0,206.0
174.0,191.0,196.0,200.0,199.0,200.0,202.0,208.0
182.0,195.0,200.0,199.0,200.0,202.0,206.0,208.0
191.0,200.0,200.0,202.0,206.0,208.0,208.0,212.0
195.0,199.0,202.0,206.0,208.0,208.0,208.0,213.0
196.0,200.0,206.0,208.0,208.0,208.0,212.0,205.0
200.0,202.0,208.0,208.0,208.0,212.0,213.0,197.0
199.0,206.0,208.0,208.0,212.0,213.0,205.0,197.0
200.0,208.0,208.0,212.0,213.0,205.0,197.0,195.0
202.0,208.0,212.0,213.0,205.0,197.0,197.0,196.0
206.0,208.0,213.0,205.0,197.0,197.0,195.0,196.0
208.0,212.0,205.0,197.0,197.0,195.0,196.0,193.0
208.0,213.0,197.0,197.0,195.0,196.0,196.0,193.0
212.0,197.0,195.0,196.0,196.0,193.0,193.0,195.0
213.0,197.0,196.0,196.0,193.0,193.0,194.0,192.0
201.0,229.0,258.0,262.0,262.0,270.0,275.0,275.0
198.0,243.0,262.0,262.0,270.0,275.0,276.0,273.0
211.0,258.0,262.0,270.0,275.0,276.0,275.0,268.0
229.0,262.0,270.0,275.0,276.0,275.0,273.0,260.0
243.0,262.0,275.0,276.0,275.0,273.0,268.0,258.0
258.0,270.0,276.0,275.0,273.0,268.0,260.0,258.0
262.0,275.0,275.0,273.0,268.0,260.0,258.0,244.0
262.0,276.0,273.0,268.0,260.0,258.0,258.0,236.0
275.0,273.0,260.0,258.0,258.0,244.0,236.0,224.0
273.0,258.0,244.0,236.0,228.0,224.0,216.0,199.0
268.0,258.0,236.0,228.0,224.0,216.0,206.0,198.0
260.0,244.0,228.0,224.0,216.0,206.0,199.0,186.0
236.0,216.0,199.0,198.0,186.0,181.0,178.0,167.0
228.0,206.0,198.0,186.0,181.0,178.0,173.0,160.0
224.0,199.0,186.0,181.0,178.0,173.0,167.0,160.0
216.0,198.0,181.0,178.0,173.0,167.0,160.0,160.0
205.3,185.5,177.5,172.4,166.3,160.0,160.0,156.0
198.9,180.7,172.4,166.3,160.0,160.0,159.63636363636363,156.0
177.5,160.0,159.63636363636363,156.0,156.0,159.0,150.45454545454547,133.0
172.4,160.0,156.0,156.0,159.0,150.45454545454547,135.0,139.0
166.3,159.63636363636363,156.0,159.0,150.45454545454547,135.0,133.0,141.0
160.0,156.0,159.0,150.45454545454547,135.0,133.0,139.0,141.0
160.0,156.0,150.45454545454547,135.0,133.0,139.0,141.0,137.0
159.63636363636363,159.0,135.0,133.0,139.0,141.0,141.0,136.0
156.0,150.45454545454547,133.0,139.0,141.0,141.0,137.0,133.0
159.0,133.0,141.0,141.0,137.0,136.0,133.0,119.0
156.0,168.0,161.0,161.0,161.0,160.0,166.0,147.0
170.0,166.0,161.0,161.0,160.0,166.0,161.0,145.0
168.0,161.0,160.0,166.0,161.0,147.0,145.0,143.0
161.0,160.0,161.0,147.0,145.0,143.0,143.0,149.0
161.0,166.0,147.0,145.0,143.0,143.0,149.0,148.0
161.0,161.0,145.0,143.0,143.0,149.0,149.0,148.0
160.0,147.0,143.0,143.0,149.0,149.0,148.0,146.0
145.0,149.0,148.0,148.0,146.0,145.0,147.0,145.0
143.0,149.0,148.0,146.0,145.0,147.0,148.0,141.0
149.0,146.0,147.0,148.0,145.0,141.0,140.0,138.0
148.0,145.0,148.0,145.0,141.0,140.0,138.0,127.0
146.0,148.0,141.0,140.0,138.0,138.0,127.0,137.0
141.0,138.0,128.0,137.0,137.0,137.0,148.0,151.0
140.0,127.0,137.0,137.0,137.0,148.0,151.0,152.0
138.0,137.0,137.0,148.0,151.0,151.0,152.0,150.0
127.0,137.0,148.0,151.0,151.0,152.0,152.0,146.0
128.0,137.0,151.0,151.0,152.0,152.0,150.0,142.0
148.0,152.0,150.0,146.0,142.0,143.0,136.0,133.0
151.0,152.0,146.0,142.0,143.0,136.0,135.0,130.0
200.0,210.0,208.0,209.0,213.0,218.0,219.0,219.0
201.0,211.0,209.0,213.0,218.0,219.0,219.0,219.0
207.0,208.0,213.0,218.0,219.0,219.0,219.0,226.0
210.0,209.0,218.0,219.0,219.0,219.0,219.0,233.0
209.0,219.0,219.0,219.0,226.0,233.0,237.0,248.0
213.0,219.0,219.0,226.0,233.0,237.0,244.0,260.0
219.0,219.0,233.0,237.0,244.0,248.0,260.0,249.0
219.0,226.0,237.0,244.0,248.0,260.0,255.0,251.0
219.0,237.0,248.0,260.0,255.0,249.0,251.0,252.0
226.0,244.0,260.0,255.0,249.0,251.0,250.0,248.0
233.0,248.0,255.0,249.0,251.0,250.0,252.0,243.0
237.0,260.0,249.0,251.0,250.0,252.0,248.0,244.0
244.0,255.0,251.0,250.0,252.0,248.0,243.0,244.0
248.0,249.0,250.0,252.0,248.0,243.0,244.0,244.0
260.0,251.0,252.0,248.0,243.0,244.0,244.0,244.0
255.0,250.0,248.0,243.0,244.0,244.0,244.0,239.0
249.0,252.0,243.0,244.0,244.0,244.0,244.0,238.0
251.0,248.0,244.0,244.0,244.0,244.0,239.0,238.0
250.0,243.0,244.0,244.0,244.0,239.0,238.0,241.0
252.0,244.0,244.0,244.0,239.0,238.0,238.0,245.0
248.0,244.0,244.0,239.0,238.0,238.0,241.0,248.0
244.0,239.0,238.0,241.0,245.0,248.0,248.0,251.0
244.0,238.0,241.0,245.0,248.0,248.0,248.0,249.0
239.0,241.0,248.0,248.0,248.0,251.0,249.0,248.0
238.0,245.0,248.0,248.0,251.0,249.0,248.0,251.0
238.0,248.0,248.0,251.0,249.0,248.0,248.0,251.0
241.0,248.0,251.0,249.0,248.0,248.0,251.0,257.0
245.0,248.0,249.0,248.0,248.0,251.0,251.0,256.0
248.0,251.0,248.0,248.0,251.0,251.0,257.0,255.0
193.0,199.0,184.0,183.0,185.0,190.0,193.0,203.0
197.0,184.0,185.0,190.0,193.0,198.0,203.0,207.0
199.0,183.0,190.0,193.0,198.0,203.0,204.0,206.0
188.0,185.0,193.0,198.0,203.0,204.0,207.0,203.0
183.0,193.0,203.0,204.0,207.0,206.0,203.0,204.0
185.0,198.0,204.0,207.0,206.0,203.0,202.0,203.0
190.0,203.0,207.0,206.0,203.0,202.0,204.0,202.0
193.0,204.0,206.0,203.0,202.0,204.0,203.0,203.0
198.0,207.0,203.0,202.0,204.0,203.0,202.0,204.0
203.0,206.0,202.0,204.0,203.0,202.0,203.0,209.0
204.0,203.0,204.0,203.0,202.0,203.0,204.0,211.0
206.0,204.0,202.0,203.0,204.0,209.0,211.0,223.0
203.0,203.0,203.0,204.0,209.0,211.0,213.0,229.0
202.0,202.0,204.0,209.0,211.0,213.0,223.0,232.0
203.0,204.0,211.0,213.0,223.0,229.0,232.0,236.0
202.0,209.0,213.0,223.0,229.0,232.0,234.0,241.0
203.0,211.0,223.0,229.0,232.0,234.0,236.0,241.0
204.0,213.0,229.0,232.0,234.0,236.0,241.0,240.0
209.0,223.0,232.0,234.0,236.0,241.0,241.0,241.0
211.0,229.0,234.0,236.0,241.0,241.0,240.0,242.0
213.0,232.0,236.0,241.0,241.0,240.0,241.0,244.0
223.0,234.0,241.0,241.0,240.0,241.0,242.0,250.0
229.0,236.0,241.0,240.0,241.0,242.0,244.0,251.0
232.0,241.0,240.0,241.0,242.0,244.0,250.0,251.0
234.0,241.0,241.0,242.0,244.0,250.0,251.0,252.0
241.0,241.0,244.0,250.0,251.0,251.0,252.0,244.0
241.0,242.0,250.0,251.0,251.0,252.0,256.0,229.0
227.0,248.0,253.0,258.0,264.0,272.0,269.0,277.0
240.0,249.0,258.0,264.0,272.0,269.0,271.0,276.0
247.0,253.0,264.0,272.0,269.0,271.0,277.0,274.0
249.0,264.0,269.0,271.0,277.0,276.0,274.0,269.0
253.0,272.0,271.0,277.0,276.0,274.0,273.0,269.0
258.0,269.0,277.0,276.0,274.0,273.0,269.0,271.0
264.0,271.0,276.0,274.0,273.0,269.0,269.0,272.0
271.0,274.0,269.0,269.0,271.0,272.0,272.0,271.0
277.0,273.0,269.0,271.0,272.0,272.0,273.0,270.0
274.0,269.0,272.0,272.0,273.0,271.0,270.0,260.0
273.0,271.0,272.0,273.0,271.0,270.0,264.0,260.0
269.0,272.0,273.0,271.0,270.0,264.0,260.0,261.0
269.0,272.0,271.0,270.0,264.0,260.0,260.0,262.0
271.0,273.0,270.0,264.0,260.0,260.0,261.0,260.0
272.0,271.0,264.0,260.0,260.0,261.0,262.0,259.0
272.0,270.0,260.0,260.0,261.0,262.0,260.0,257.0
270.0,260.0,262.0,260.0,259.0,257.0,253.0,251.0
261.1,258.8,252.72727272727272,250.0,250.7,248.0,248.5,258.0
262.0,257.0,250.27272727272728,251.0,248.0,248.0,253.0,261.0
252.72727272727272,248.0,253.45454545454547,258.0,260.90909090909093,260.0,258.0,260.0
250.0,248.5,258.0,260.90909090909093,260.0,258.0,259.09090909090907,252.0
250.7,253.45454545454547,260.90909090909093,260.0,258.0,259.09090909090907,260.0,241.0
248.0,258.0,260.0,258.0,259.09090909090907,260.0,252.0,229.0
221.0,235.0,233.0,229.0,230.0,230.0,224.0,222.0
234.0,233.0,230.0,230.0,224.0,222.0,222.0,218.0
235.0,229.0,230.0,224.0,222.0,222.0,221.0,216.0
233.0,230.0,222.0,222.0,221.0,218.0,216.0,213.0
230.0,222.0,221.0,218.0,216.0,215.0,213.0,214.0
224.0,221.0,216.0,215.0,213.0,212.0,214.0,213.0
222.0,218.0,215.0,213.0,212.0,214.0,216.0,212.0
222.0,216.0,213.0,212.0,214.0,216.0,213.0,211.0
221.0,215.0,212.0,214.0,216.0,213.0,212.0,212.0
218.0,213.0,214.0,216.0,213.0,212.0,211.0,214.0
216.0,212.0,216.0,213.0,212.0,211.0,212.0,210.0
213.0,216.0,212.0,211.0,212.0,214.0,210.0,213.0
212.0,213.0,211.0,212.0,214.0,210.0,213.0,215.0
214.0,212.0,212.0,214.0,210.0,213.0,213.0,215.0
216.0,211.0,214.0,210.0,213.0,213.0,215.0,215.0
213.0,212.0,210.0,213.0,213.0,215.0,215.0,216.0
211.0,210.0,213.0,215.0,215.0,215.0,216.0,218.0
212.0,213.0,215.0,215.0,215.0,216.0,217.0,219.0
214.0,213.0,215.0,215.0,216.0,217.0,218.0,219.0
210.0,215.0,215.0,216.0,217.0,218.0,219.0,217.0
213.0,215.0,216.0,217.0,218.0,219.0,219.0,215.0
215.0,216.0,218.0,219.0,219.0,217.0,215.0,214.0
215.0,217.0,219.0,219.0,217.0,215.0,214.0,213.0
215.0,218.0,219.0,217.0,215.0,214.0,214.0,212.0
217.0,219.0,215.0,214.0,214.0,213.0,212.0,210.0
218.0,217.0,214.0,214.0,213.0,212.0,212.0,211.0
219.0,215.0,214.0,213.0,212.0,212.0,210.0,213.0
103.0,84.0,92.0,94.0,94.0,96.0,97.0,91.0
94.0,88.0,94.0,94.0,96.0,97.0,94.0,89.0
83.0,92.0,94.0,96.0,97.0,94.0,91.0,86.0
84.0,94.0,96.0,97.0,94.0,91.0,89.0,79.0
88.0,94.0,97.0,94.0,91.0,89.0,86.0,78.0
92.0,96.0,94.0,91.0,89.0,86.0,79.0,77.0
94.0,97.0,91.0,89.0,86.0,79.0,78.0,78.0
94.0,94.0,89.0,86.0,79.0,78.0,77.0,81.0
96.0,91.0,86.0,79.0,78.0,77.0,78.0,83.0
94.0,86.0,78.0,77.0,78.0,81.0,83.0,92.0
89.0,78.0,78.0,81.0,83.0,87.0,92.0,103.0
86.0,77.0,81.0,83.0,87.0,92.0,100.0,106.0
79.0,78.0,83.0,87.0,92.0,100.0,103.0,106.0
78.0,81.0,87.0,92.0,100.0,103.0,106.0,105.0
77.0,83.0,92.0,100.0,103.0,106.0,106.0,107.0
78.0,87.0,100.0,103.0,106.0,106.0,105.0,105.0
87.0,103.0,106.0,105.0,107.0,105.0,104.0,108.0
92.0,106.0,105.0,107.0,105.0,104.0,105.0,112.0
100.0,106.0,107.0,105.0,104.0,105.0,108.0,114.0
106.0,107.0,104.0,105.0,108.0,112.0,114.0,120.0
106.0,105.0,105.0,108.0,112.0,114.0,117.0,120.0
105.0,104.0,108.0,112.0,114.0,117.0,120.0,119.0
105.0,108.0,114.0,117.0,120.0,120.0,119.0,120.0
105.0,114.0,120.0,120.0,119.0,119.0,120.0,119.0
112.0,120.0,119.0,119.0,120.0,120.0,119.0,121.0
326.0,317.0,315.0,313.0,311.0,304.0,299.0,293.0
322.0,315.0,311.0,304.0,299.0,294.0,293.0,291.0
317.0,313.0,304.0,299.0,294.0,293.0,296.0,282.0
313.0,311.0,299.0,294.0,293.0,296.0,291.0,278.0
315.0,304.0,294.0,293.0,296.0,291.0,282.0,272.0
311.0,294.0,296.0,291.0,282.0,278.0,272.0,251.0
304.0,293.0,291.0,282.0,278.0,272.0,264.0,234.0
299.0,296.0,282.0,278.0,272.0,264.0,251.0,220.0
294.0,291.0,278.0,272.0,264.0,251.0,234.0,204.0
293.0,282.0,272.0,264.0,251.0,234.0,220.0,179.0
296.0,278.0,264.0,251.0,234.0,220.0,204.0,164.0
291.0,272.0,251.0,234.0,220.0,204.0,179.0,156.0
282.0,264.0,234.0,220.0,204.0,179.0,164.0,166.0
272.0,234.0,204.0,179.0,164.0,156.0,166.0,142.0
264.0,220.0,179.0,164.0,156.0,166.0,155.0,133.0
251.0,204.0,164.0,156.0,166.0,155.0,142.0,129.0
234.0,179.0,156.0,166.0,155.0,142.0,133.0,124.0
220.0,164.0,166.0,155.0,142.0,133.0,129.0,116.0
204.0,156.0,155.0,142.0,133.0,129.0,124.0,111.0
179.0,166.0,142.0,133.0,129.0,124.0,116.0,110.0
164.0,155.0,133.0,129.0,124.0,116.0,111.0,110.0
166.0,133.0,124.0,116.0,111.0,110.0,110.0,120.0
155.0,129.0,116.0,111.0,110.0,110.0,113.0,121.0
142.0,124.0,111.0,110.0,110.0,113.0,120.0,118.0
129.0,111.0,110.0,113.0,120.0,121.0,118.0,123.0
124.0,110.0,113.0,120.0,121.0,118.0,122.0,123.0
116.0,110.0,120.0,121.0,118.0,122.0,123.0,126.0
111.0,113.0,121.0,118.0,122.0,123.0,123.0,120.0
110.0,121.0,122.0,123.0,123.0,126.0,120.0,120.0
113.0,118.0,123.0,123.0,126.0,120.0,119.0,127.0
151.0,154.0,166.0,167.0,164.0,162.0,164.0,173.0
155.0,166.0,164.0,162.0,164.0,165.0,173.0,194.0
154.0,167.0,162.0,164.0,165.0,173.0,196.0,192.0
165.0,164.0,164.0,165.0,173.0,196.0,194.0,180.0
167.0,164.0,173.0,196.0,194.0,192.0,180.0,169.0
164.0,165.0,196.0,194.0,192.0,180.0,171.0,157.0
162.0,173.0,194.0,192.0,180.0,171.0,169.0,154.0
164.0,196.0,192.0,180.0,171.0,169.0,157.0,153.0
165.0,194.0,180.0,171.0,169.0,157.0,154.0,152.0
173.0,192.0,171.0,169.0,157.0,154.0,153.0,151.0
196.0,180.0,169.0,157.0,154.0,153.0,152.0,150.0
192.0,169.0,154.0,153.0,152.0,151.0,150.0,143.0
180.0,157.0,153.0,152.0,151.0,150.0,146.0,140.0
171.0,154.0,152.0,151.0,150.0,146.0,143.0,138.0
169.0,153.0,151.0,150.0,146.0,143.0,140.0,129.0
152.0,146.0,140.0,138.0,129.0,124.0,122.0,127.0
151.0,143.0,138.0,129.0,124.0,122.0,125.0,115.0
150.0,140.0,129.0,124.0,122.0,125.0,127.0,111.0
146.0,138.0,124.0,122.0,125.0,127.0,115.0,125.0
143.0,129.0,122.0,125.0,127.0,115.0,111.0,126.0
140.0,124.0,125.0,127.0,115.0,111.0,125.0,125.0
138.0,122.0,127.0,115.0,111.0,125.0,126.0,126.0
124.0,127.0,111.0,125.0,126.0,125.0,126.0,125.0
122.0,115.0,125.0,126.0,125.0,126.0,127.0,119.0
127.0,125.0,125.0,126.0,127.0,125.0,119.0,119.0
125.0,126.0,125.0,119.0,118.0,119.0,117.0,107.0
217.0,232.0,227.0,240.0,261.0,271.0,284.0,291.0
228.0,234.0,240.0,261.0,271.0,284.0,288.0,286.0
231.0,227.0,261.0,271.0,284.0,288.0,291.0,287.0
232.0,240.0,271.0,284.0,288.0,291.0,286.0,288.0
234.0,261.0,284.0,288.0,291.0,286.0,287.0,289.0
227.0,271.0,288.0,291.0,286.0,287.0,288.0,291.0
261.0,288.0,286.0,287.0,288.0,289.0,291.0,299.0
271.0,291.0,287.0,288.0,289.0,291.0,297.0,302.0
284.0,286.0,288.0,289.0,291.0,297.0,299.0,303.0
288.0,287.0,289.0,291.0,297.0,299.0,302.0,299.0
286.0,289.0,297.0,299.0,302.0,303.0,299.0,280.0
287.0,291.0,299.0,302.0,303.0,299.0,291.0,272.0
289.0,299.0,303.0,299.0,291.0,280.0,272.0,266.0
291.0,302.0,299.0,291.0,280.0,272.0,268.0,265.0
297.0,303.0,291.0,280.0,272.0,268.0,266.0,261.0
299.0,299.0,280.0,272.0,268.0,266.0,265.0,260.0
302.0,291.0,272.0,268.0,266.0,265.0,261.0,255.0
299.0,272.0,266.0,265.0,261.0,260.0,255.0,248.0
280.0,266.0,261.0,260.0,255.0,251.0,248.0,244.0
265.9,259.5,250.7,247.8,245.8,243.8,242.0,243.0
265.0,255.0,248.0,246.0,244.0,242.0,242.0,242.0
250.7,243.8,242.0909090909091,243.0,241.8,239.4,233.9,230.0
248.0,242.0,242.9090909090909,242.0,240.0,234.0,233.0,224.0
245.8,242.0909090909091,241.8,239.4,233.9,232.72727272727272,230.0,221.0
243.8,243.0,239.4,233.9,232.72727272727272,230.0,223.72727272727272,221.0
102.8,105.4,115.36363636363636,119.0,119.9090909090909,119.0,119.0,120.0
100.9,109.6,119.0,119.9090909090909,119.0,119.0,120.0,118.0
100.5,115.36363636363636,119.9090909090909,119.0,119.0,120.0,120.0,116.0
105.4,119.0,119.0,119.0,120.0,120.0,118.0,116.0
109.6,119.9090909090909,119.0,120.0,120.0,118.0,116.0,115.0
115.36363636363636,119.0,120.0,120.0,118.0,116.0,116.0,115.0
119.9090909090909,120.0,118.0,116.0,116.0,115.0,115.0,123.0
119.0,120.0,116.0,116.0,115.0,115.0,115.0,125.0
119.0,118.0,116.0,115.0,115.0,115.0,123.0,130.0
