64.0,79.0,89.0,90.0,90.0,87.0,83.0,81.0
59.0,83.0,90.0,90.0,87.0,83.0,81.0,86.0
83.0,90.0,83.0,81.0,81.0,86.0,88.0,78.0
89.0,87.0,81.0,81.0,86.0,88.0,84.0,73.0
90.0,83.0,81.0,86.0,88.0,84.0,78.0,74.0
87.0,81.0,88.0,84.0,78.0,73.0,74.0,64.0
83.0,86.0,84.0,78.0,73.0,74.0,71.0,60.0
81.0,88.0,78.0,73.0,74.0,71.0,64.0,60.0
88.0,73.0,71.0,64.0,60.0,60.0,63.0,68.0
84.0,74.0,64.0,60.0,60.0,63.0,66.0,72.0
78.0,71.0,60.0,60.0,63.0,66.0,68.0,74.0
73.0,64.0,60.0,63.0,66.0,68.0,72.0,77.0
74.0,60.0,63.0,66.0,68.0,72.0,74.0,86.0
64.0,63.0,68.0,72.0,74.0,77.0,86.0,88.0
60.0,66.0,72.0,74.0,77.0,86.0,88.0,85.0
66.0,74.0,86.0,88.0,88.0,85.0,89.0,91.0
68.0,77.0,88.0,88.0,85.0,89.0,90.0,95.0
72.0,86.0,88.0,85.0,89.0,90.0,91.0,96.0
74.0,88.0,85.0,89.0,90.0,91.0,95.0,94.0
86.0,85.0,90.0,91.0,95.0,96.0,94.0,86.0
88.0,89.0,91.0,95.0,96.0,94.0,94.0,94.0
88.0,90.0,95.0,96.0,94.0,94.0,86.0,99.0
85.0,91.0,96.0,94.0,94.0,86.0,94.0,100.0
89.0,95.0,94.0,94.0,86.0,94.0,99.0,98.0
187.0909090909091,184.0,182.2,184.54545454545453,190.0,189.9,188.9,180.0
188.0,184.0,184.54545454545453,190.0,189.9,188.9,187.27272727272728,175.0
184.0,182.2,190.0,189.9,188.9,187.27272727272728,180.0,172.0
184.0,184.54545454545453,189.9,188.9,187.27272727272728,180.0,175.0,182.0
190.0,187.27272727272728,175.0,172.0,182.0,184.0,179.0,174.0
188.9,175.0,182.0,184.0,179.0,175.0,174.0,167.0
187.27272727272728,172.0,184.0,179.0,175.0,174.0,171.0,167.0
180.0,182.0,179.0,175.0,174.0,171.0,167.0,166.0
175.0,184.0,175.0,174.0,171.0,167.0,167.0,160.0
172.0,179.0,174.0,171.0,167.0,167.0,166.0,154.0
184.0,174.0,167.0,167.0,166.0,160.0,154.0,148.0
179.0,171.0,167.0,166.0,160.0,154.0,151.0,139.0
175.0,167.0,166.0,160.0,154.0,151.0,148.0,139.0
174.0,167.0,160.0,154.0,151.0,148.0,139.0,134.0
171.0,166.0,154.0,151.0,148.0,139.0,139.0,131.0
167.0,154.0,148.0,139.0,139.0,134.0,131.0,124.0
166.0,151.0,139.0,139.0,134.0,131.0,130.0,121.0
154.0,139.0,134.0,131.0,130.0,124.0,121.0,116.0
151.0,139.0,131.0,130.0,124.0,121.0,118.0,115.0
139.0,131.0,124.0,121.0,118.0,116.0,115.0,107.0
134.0,124.0,118.0,116.0,115.0,111.0,107.0,103.0
131.0,121.0,116.0,115.0,111.0,107.0,105.0,100.0
124.0,116.0,111.0,107.0,105.0,103.0,100.0,95.0
121.0,115.0,107.0,105.0,103.0,100.0,102.0,87.0
140.0,132.0,115.0,111.0,104.0,100.0,95.0,88.0
121.0,104.0,95.0,91.0,88.0,86.0,82.0,75.0
115.0,100.0,91.0,88.0,86.0,82.0,77.0,67.0
111.0,95.0,88.0,86.0,82.0,77.0,75.0,67.0
104.0,91.0,86.0,82.0,77.0,75.0,67.0,68.0
100.0,88.0,82.0,77.0,75.0,67.0,67.0,68.0
95.0,86.0,77.0,75.0,67.0,67.0,68.0,66.0
91.0,82.0,75.0,67.0,67.0,68.0,68.0,74.0
88.0,77.0,67.0,67.0,68.0,68.0,66.0,88.0
86.0,75.0,67.0,68.0,68.0,66.0,74.0,103.0
82.0,67.0,68.0,68.0,66.0,74.0,88.0,113.0
77.0,67.0,68.0,66.0,74.0,88.0,103.0,116.0
75.0,68.0,66.0,74.0,88.0,103.0,113.0,126.0
68.0,88.0,113.0,116.0,126.0,133.0,134.0,128.0
74.0,113.0,126.0,133.0,134.0,132.0,128.0,132.0
88.0,116.0,133.0,134.0,132.0,128.0,131.0,133.0
103.0,126.0,134.0,132.0,128.0,131.0,132.0,131.0
113.0,133.0,132.0,128.0,131.0,132.0,133.0,130.0
116.0,134.0,128.0,131.0,132.0,133.0,131.0,127.0
126.0,132.0,131.0,132.0,133.0,131.0,130.0,124.0
133.0,128.0,132.0,133.0,131.0,130.0,127.0,121.0
132.0,132.0,131.0,130.0,127.0,124.0,121.0,116.0
128.0,133.0,130.0,127.0,124.0,121.0,119.0,111.0
111.0,123.0,127.0,130.0,118.0,119.0,118.0,113.0
117.0,124.0,130.0,118.0,119.0,118.0,115.0,111.0
124.0,118.0,118.0,115.0,113.0,111.0,108.0,108.0
130.0,118.0,113.0,111.0,108.0,109.0,108.0,103.0
118.0,115.0,111.0,108.0,109.0,108.0,105.0,101.0
119.0,113.0,108.0,109.0,108.0,105.0,103.0,99.0
118.0,111.0,109.0,108.0,105.0,103.0,101.0,97.0
113.0,109.0,105.0,103.0,101.0,99.0,97.0,88.0
108.0,101.0,97.0,96.0,88.0,89.0,87.0,81.0
105.0,99.0,96.0,88.0,89.0,87.0,83.0,80.0
102.8,96.9,88.1,88.8,86.6,82.8,80.9,78.0
100.8,95.2,88.8,86.6,82.8,80.9,79.81818181818181,76.0
95.2,86.6,80.9,79.81818181818181,78.0,76.0,74.0,73.0
88.1,82.8,79.81818181818181,78.0,76.0,74.0,73.9090909090909,72.0
82.8,78.0,74.0,73.9090909090909,73.0,72.0,67.8,61.0
80.9,76.0,73.9090909090909,73.0,72.0,67.8,65.54545454545455,64.0
79.81818181818181,74.0,73.0,72.0,67.8,65.54545454545455,61.0,73.0
78.0,73.9090909090909,72.0,67.8,65.54545454545455,61.0,64.0,87.0
76.0,73.0,67.8,65.54545454545455,61.0,64.0,73.0,105.0
74.0,72.0,65.54545454545455,61.0,64.0,73.0,87.0,128.0
73.9090909090909,67.8,61.0,64.0,73.0,87.0,105.0,147.0
73.0,65.54545454545455,64.0,73.0,87.0,105.0,128.0,147.0
72.0,61.0,73.0,87.0,105.0,128.0,147.0,151.0
65.54545454545455,73.0,105.0,128.0,147.0,147.0,151.0,152.0
207.0,213.0,214.0,216.0,206.0,203.0,213.0,229.0
207.0,212.0,216.0,206.0,203.0,213.0,219.0,239.0
258.0,249.0,246.0,246.0,246.0,248.0,247.0,234.0
250.0,246.0,246.0,248.0,247.0,244.0,234.0,221.0
249.0,246.0,248.0,247.0,244.0,234.0,225.0,219.0
251.0,246.0,247.0,244.0,234.0,225.0,221.0,207.0
246.0,248.0,244.0,234.0,225.0,221.0,219.0,181.0
246.0,244.0,225.0,221.0,219.0,207.0,181.0,147.0
248.0,234.0,221.0,219.0,207.0,181.0,160.0,137.0
244.0,221.0,207.0,181.0,160.0,147.0,137.0,123.0
234.0,219.0,181.0,160.0,147.0,137.0,132.0,115.0
225.0,207.0,160.0,147.0,137.0,132.0,123.0,108.0
221.0,181.0,147.0,137.0,132.0,123.0,115.0,101.0
219.0,160.0,137.0,132.0,123.0,115.0,108.0,95.0
207.0,147.0,132.0,123.0,115.0,108.0,101.0,91.0
181.0,137.0,123.0,115.0,108.0,101.0,95.0,85.0
160.0,132.0,115.0,108.0,101.0,95.0,91.0,81.0
147.0,123.0,108.0,101.0,95.0,91.0,85.0,80.0
137.0,115.0,101.0,95.0,91.0,85.0,81.0,79.0
78.0,101.0,119.0,128.9090909090909,138.0,145.0,150.0,150.0
81.0,115.36363636363636,128.9090909090909,138.0,145.0,150.0,151.0,145.0
115.36363636363636,138.0,150.0,151.0,150.0,145.0,144.0,157.0
119.0,145.0,151.0,150.0,145.0,144.0,156.0,157.0
128.9090909090909,150.0,150.0,145.0,144.0,156.0,157.0,155.0
138.0,151.0,145.0,144.0,156.0,157.0,157.0,154.0
150.0,145.0,156.0,157.0,157.0,155.0,154.0,147.0
151.0,144.0,157.0,157.0,155.0,154.0,148.0,148.0
150.0,156.0,157.0,155.0,154.0,148.0,147.0,149.0
144.0,157.0,154.0,148.0,147.0,148.0,149.0,163.0
156.0,155.0,148.0,147.0,148.0,149.0,156.0,162.0
157.0,148.0,148.0,149.0,156.0,163.0,162.0,153.0
154.0,148.0,156.0,163.0,162.0,157.0,153.0,136.0
148.0,149.0,163.0,162.0,157.0,153.0,144.0,137.0
147.0,156.0,162.0,157.0,153.0,144.0,136.0,138.0
148.0,163.0,157.0,153.0,144.0,136.0,137.0,137.0
149.0,162.0,153.0,144.0,136.0,137.0,138.0,136.0
156.0,157.0,144.0,136.0,137.0,138.0,137.0,135.0
163.0,153.0,136.0,137.0,138.0,137.0,136.0,132.0
162.0,144.0,137.0,138.0,137.0,136.0,135.0,129.0
153.0,137.0,137.0,136.0,135.0,132.0,129.0,128.0
144.0,138.0,136.0,135.0,132.0,129.0,128.0,129.0
136.0,137.0,135.0,132.0,129.0,128.0,128.0,131.0
137.0,136.0,132.0,129.0,128.0,128.0,129.0,131.0
138.0,135.0,129.0,128.0,128.0,129.0,131.0,134.0
137.0,132.0,128.0,128.0,129.0,131.0,131.0,134.0
136.0,129.0,128.0,129.0,131.0,131.0,134.0,134.0
135.0,128.0,129.0,131.0,131.0,134.0,134.0,133.0
132.0,128.0,131.0,131.0,134.0,134.0,134.0,134.0
101.0,100.0,109.0,114.0,126.0,134.0,131.0,142.0
100.0,109.0,126.0,134.0,131.0,132.0,142.0,161.0
109.0,134.0,132.0,142.0,151.0,161.0,168.0,175.0
114.0,131.0,142.0,151.0,161.0,168.0,174.0,174.0
126.0,132.0,151.0,161.0,168.0,174.0,175.0,172.0
134.0,142.0,161.0,168.0,174.0,175.0,174.0,171.0
132.0,161.0,174.0,175.0,174.0,172.0,171.0,168.0
142.0,168.0,175.0,174.0,172.0,171.0,170.0,165.0
151.0,174.0,174.0,172.0,171.0,170.0,168.0,161.0
161.0,175.0,172.0,171.0,170.0,168.0,165.0,161.0
174.0,172.0,170.0,168.0,165.0,161.0,161.0,161.0
175.0,171.0,168.0,165.0,161.0,161.0,158.0,165.0
174.0,170.0,165.0,161.0,161.0,158.0,161.0,165.0
172.0,168.0,161.0,161.0,158.0,161.0,165.0,160.0
171.0,165.0,161.0,158.0,161.0,165.0,165.0,159.0
170.0,161.0,158.0,161.0,165.0,165.0,160.0,159.0
165.0,158.0,165.0,165.0,160.0,159.0,159.0,160.0
161.0,161.0,165.0,160.0,159.0,159.0,159.0,164.0
161.0,165.0,160.0,159.0,159.0,159.0,160.0,164.0
158.0,165.0,159.0,159.0,159.0,160.0,164.0,159.0
161.0,160.0,159.0,159.0,160.0,164.0,164.0,158.0
165.0,159.0,159.0,160.0,164.0,164.0,159.0,153.0
165.0,159.0,160.0,164.0,164.0,159.0,158.0,152.0
160.0,159.0,164.0,164.0,159.0,158.0,153.0,152.0
159.0,160.0,164.0,159.0,158.0,153.0,152.0,149.0
159.0,164.0,159.0,158.0,153.0,152.0,152.0,145.0
160.0,159.0,153.0,152.0,152.0,149.0,145.0,147.0
164.0,158.0,152.0,152.0,149.0,145.0,137.0,146.0
164.0,153.0,152.0,149.0,145.0,137.0,147.0,148.0
118.81818181818181,159.0,168.5,163.1818181818182,155.0,149.7,146.6,138.0
127.0,168.0,163.1818181818182,155.0,149.7,146.6,142.54545454545453,133.0
143.0,168.5,155.0,149.7,146.6,142.54545454545453,138.0,131.0
168.0,155.0,146.6,142.54545454545453,138.0,133.0,131.0,132.0
168.5,149.7,142.54545454545453,138.0,133.0,131.0,130.0,132.0
163.1818181818182,146.6,138.0,133.0,131.0,130.0,132.0,132.0
155.0,142.54545454545453,133.0,131.0,130.0,132.0,132.0,131.0
149.7,138.0,131.0,130.0,132.0,132.0,132.0,130.0
146.6,133.0,130.0,132.0,132.0,132.0,131.0,129.0
142.54545454545453,131.0,132.0,132.0,132.0,131.0,130.0,125.0
138.0,130.0,132.0,132.0,131.0,130.0,129.0,126.0
131.0,132.0,131.0,130.0,129.0,125.0,126.0,119.0
130.0,132.0,130.0,129.0,125.0,126.0,126.0,117.0
132.0,131.0,129.0,125.0,126.0,126.0,119.0,117.0
132.0,129.0,126.0,126.0,119.0,117.0,117.0,117.0
131.0,125.0,126.0,119.0,117.0,117.0,120.0,117.0
130.0,126.0,119.0,117.0,117.0,120.0,117.0,115.0
129.0,126.0,117.0,117.0,120.0,117.0,117.0,115.0
125.0,119.0,117.0,120.0,117.0,117.0,115.0,114.0
126.0,117.0,120.0,117.0,117.0,115.0,115.0,115.0
126.0,117.0,117.0,117.0,115.0,115.0,114.0,102.0
119.0,120.0,117.0,115.0,115.0,114.0,115.0,103.0
117.0,117.0,115.0,115.0,114.0,115.0,102.0,104.0
120.0,115.0,114.0,115.0,102.0,103.0,104.0,121.0
117.0,115.0,115.0,102.0,103.0,104.0,120.0,119.0
117.0,114.0,102.0,103.0,104.0,120.0,121.0,118.0
224.0,218.0,190.0,176.0,159.0,133.0,131.0,108.0
217.0,208.0,176.0,159.0,133.0,131.0,120.0,104.0
218.0,176.0,133.0,131.0,120.0,108.0,104.0,103.0
208.0,159.0,131.0,120.0,108.0,104.0,103.0,106.0
159.0,120.0,104.0,103.0,103.0,106.0,111.0,111.0
133.0,108.0,103.0,103.0,106.0,111.0,112.0,103.0
131.0,104.0,103.0,106.0,111.0,112.0,111.0,101.0
120.0,103.0,106.0,111.0,112.0,111.0,103.0,101.0
108.0,103.0,111.0,112.0,111.0,103.0,101.0,101.0
104.0,106.0,112.0,111.0,103.0,101.0,101.0,100.0
103.0,111.0,111.0,103.0,101.0,101.0,101.0,98.0
103.0,112.0,103.0,101.0,101.0,101.0,100.0,97.0
106.0,111.0,101.0,101.0,101.0,100.0,98.0,94.0
111.0,103.0,101.0,101.0,100.0,98.0,97.0,93.0
112.0,101.0,101.0,100.0,98.0,97.0,94.0,93.0
111.0,101.0,100.0,98.0,97.0,94.0,93.0,90.0
103.0,101.0,98.0,97.0,94.0,93.0,93.0,92.0
101.0,100.0,97.0,94.0,93.0,93.0,90.0,92.0
101.0,98.0,94.0,93.0,93.0,90.0,92.0,92.0
100.0,94.0,93.0,90.0,92.0,92.0,92.0,86.0
98.0,93.0,90.0,92.0,92.0,92.0,92.0,88.0
97.0,93.0,92.0,92.0,92.0,92.0,86.0,85.0
94.0,90.0,92.0,92.0,92.0,86.0,88.0,84.0
93.0,92.0,92.0,92.0,86.0,88.0,85.0,84.0
93.0,92.0,92.0,86.0,88.0,85.0,84.0,86.0
90.0,92.0,86.0,88.0,85.0,84.0,84.0,88.0
92.0,92.0,88.0,85.0,84.0,84.0,86.0,90.0
92.0,86.0,85.0,84.0,84.0,86.0,88.0,93.0
92.0,88.0,84.0,84.0,86.0,88.0,90.0,94.0
92.0,85.0,84.0,86.0,88.0,90.0,93.0,95.0
86.0,84.0,86.0,88.0,90.0,93.0,94.0,98.0
88.0,84.0,88.0,90.0,93.0,94.0,95.0,101.0
169.0,184.0,189.0,190.0,187.0,182.0,175.0,153.0
179.0,189.0,187.0,182.0,175.0,166.0,153.0,133.0
184.4,189.7,181.3,174.1,164.7,151.5,137.5,132.0
137.5,132.0,129.7,126.8,124.54545454545455,120.0,120.0,119.0
132.9090909090909,131.8,126.8,124.54545454545455,120.0,120.0,120.81818181818181,117.0
131.8,124.54545454545455,120.0,120.81818181818181,119.0,117.0,126.2,126.0
129.7,120.0,120.81818181818181,119.0,117.0,126.2,127.81818181818181,122.0
126.8,120.0,119.0,117.0,126.2,127.81818181818181,126.0,121.0
124.54545454545455,120.81818181818181,117.0,126.2,127.81818181818181,126.0,122.0,122.0
120.0,119.0,126.2,127.81818181818181,126.0,122.0,121.0,121.0
119.0,127.81818181818181,122.0,121.0,122.0,121.0,122.0,124.0
117.0,126.0,121.0,122.0,121.0,122.0,122.0,126.0
126.2,122.0,122.0,121.0,122.0,122.0,124.0,126.0
127.81818181818181,121.0,121.0,122.0,122.0,124.0,126.0,128.0
122.0,121.0,122.0,124.0,126.0,126.0,128.0,127.0
121.0,122.0,124.0,126.0,126.0,128.0,128.0,125.0
122.0,122.0,126.0,126.0,128.0,128.0,127.0,125.0
121.0,124.0,126.0,128.0,128.0,127.0,125.0,125.0
122.0,126.0,128.0,128.0,127.0,125.0,125.0,125.0
122.0,126.0,128.0,127.0,125.0,125.0,125.0,126.0
126.0,128.0,125.0,125.0,125.0,125.0,126.0,121.0
120.0,126.0,118.0,117.0,113.0,111.0,108.0,107.0
123.0,120.0,117.0,113.0,111.0,108.0,109.0,107.0
125.0,118.0,113.0,111.0,108.0,109.0,107.0,109.0
126.0,117.0,111.0,108.0,109.0,107.0,107.0,110.0
120.0,113.0,108.0,109.0,107.0,107.0,109.0,110.0
118.0,111.0,109.0,107.0,107.0,109.0,110.0,110.0
117.0,108.0,107.0,107.0,109.0,110.0,110.0,109.0
113.0,109.0,107.0,109.0,110.0,110.0,110.0,102.0
111.0,107.0,109.0,110.0,110.0,110.0,109.0,101.0
108.0,107.0,110.0,110.0,110.0,109.0,102.0,99.0
109.0,109.0,110.0,110.0,109.0,102.0,101.0,98.0
107.0,110.0,110.0,109.0,102.0,101.0,99.0,99.0
107.0,110.0,109.0,102.0,101.0,99.0,98.0,95.0
109.0,110.0,102.0,101.0,99.0,98.0,99.0,95.0
110.0,109.0,101.0,99.0,98.0,99.0,95.0,95.0
110.0,102.0,99.0,98.0,99.0,95.0,95.0,95.0
110.0,101.0,98.0,99.0,95.0,95.0,95.0,95.0
109.0,99.0,99.0,95.0,95.0,95.0,95.0,94.0
102.0,98.0,95.0,95.0,95.0,95.0,95.0,92.0
101.0,99.0,95.0,95.0,95.0,95.0,94.0,91.0
98.0,95.0,95.0,95.0,94.0,92.0,91.0,90.0
95.0,95.0,94.0,92.0,91.0,91.0,90.0,89.0
95.0,94.0,91.0,91.0,90.0,89.0,89.0,86.0
95.0,92.0,91.0,90.0,89.0,89.0,86.0,87.0
95.0,91.0,90.0,89.0,89.0,86.0,86.0,84.0
94.0,91.0,89.0,89.0,86.0,86.0,87.0,83.0
92.0,90.0,89.0,86.0,86.0,87.0,84.0,82.0
91.0,89.0,86.0,86.0,87.0,84.0,83.0,81.0
91.0,89.0,86.0,87.0,84.0,83.0,82.0,80.0
104.0,89.0,80.0,77.0,73.0,69.0,66.0,61.0
99.0,80.0,77.0,73.0,69.0,66.0,63.0,62.0
89.0,77.0,69.0,66.0,63.0,61.0,62.0,72.0
80.0,73.0,66.0,63.0,61.0,62.0,62.0,75.0
80.0,69.0,63.0,61.0,62.0,62.0,72.0,75.0
77.0,66.0,61.0,62.0,62.0,72.0,75.0,69.0
73.0,63.0,62.0,62.0,72.0,75.0,75.0,64.0
69.0,61.0,62.0,72.0,75.0,75.0,69.0,67.0
66.0,62.0,72.0,75.0,75.0,69.0,64.0,68.0
63.0,62.0,75.0,75.0,69.0,64.0,67.0,69.0
61.0,72.0,75.0,69.0,64.0,67.0,68.0,68.0
62.0,75.0,64.0,67.0,68.0,69.0,68.0,71.0
72.0,69.0,67.0,68.0,69.0,68.0,69.0,73.0
75.0,64.0,68.0,69.0,68.0,69.0,71.0,80.0
75.0,67.0,69.0,68.0,69.0,71.0,73.0,82.0
69.0,68.0,68.0,69.0,71.0,73.0,80.0,81.0
67.0,68.0,71.0,73.0,80.0,82.0,81.0,80.0
69.0,71.0,80.0,82.0,81.0,80.0,80.0,78.0
68.0,73.0,82.0,81.0,80.0,80.0,79.0,78.0
69.0,80.0,81.0,80.0,80.0,79.0,78.0,77.0
71.0,82.0,80.0,80.0,79.0,78.0,78.0,73.0
82.0,80.0,78.0,78.0,77.0,73.0,70.0,70.0
81.0,79.0,78.0,77.0,73.0,70.0,72.0,71.0
80.0,78.0,77.0,73.0,70.0,72.0,70.0,70.0
79.0,77.0,70.0,72.0,70.0,71.0,70.0,70.0
78.0,73.0,72.0,70.0,71.0,70.0,71.0,69.0
78.0,70.0,70.0,71.0,70.0,71.0,70.0,67.0
77.0,72.0,71.0,70.0,71.0,70.0,69.0,65.0
166.0,161.0,153.0,148.0,144.0,141.0,140.0,138.0
168.0,156.0,148.0,144.0,141.0,140.0,139.0,137.0
167.0,153.0,144.0,141.0,140.0,139.0,138.0,132.0
161.0,148.0,141.0,140.0,139.0,138.0,137.0,128.0
148.0,140.0,138.0,137.0,132.0,128.0,125.0,121.0
144.0,139.0,137.0,132.0,128.0,125.0,122.0,116.0
140.0,137.0,128.0,125.0,122.0,121.0,116.0,105.0
138.0,128.0,122.0,121.0,116.0,110.0,105.0,96.0
132.0,122.0,116.0,110.0,105.0,101.0,96.0,90.0
128.0,121.0,110.0,105.0,101.0,96.0,94.0,86.0
122.0,110.0,101.0,96.0,94.0,90.0,86.0,81.0
121.0,105.0,96.0,94.0,90.0,86.0,83.0,78.0
116.0,101.0,94.0,90.0,86.0,83.0,81.0,74.0
105.0,94.0,86.0,83.0,81.0,78.0,74.0,69.0
101.0,90.0,83.0,81.0,78.0,74.0,72.0,69.0
86.0,78.0,72.0,69.0,69.0,68.0,84.0,131.0
83.0,74.0,69.0,69.0,68.0,84.0,112.0,143.0
81.0,72.0,69.0,68.0,84.0,112.0,131.0,149.0
78.0,69.0,68.0,84.0,112.0,131.0,143.0,151.0
74.0,69.0,84.0,112.0,131.0,143.0,149.0,157.0
69.0,84.0,131.0,143.0,149.0,151.0,157.0,163.0
69.0,112.0,143.0,149.0,151.0,157.0,161.0,165.0
86.8,143.6,151.6,157.4,161.2,163.2,165.3,172.0
109.0,122.0,106.0,101.0,99.0,98.0,96.0,76.0
128.0,112.0,101.0,99.0,98.0,96.0,86.0,72.0
135.0,106.0,99.0,98.0,96.0,86.0,76.0,68.0
112.0,99.0,96.0,86.0,76.0,72.0,68.0,62.0
106.0,98.0,86.0,76.0,72.0,68.0,66.0,68.0
99.0,86.0,72.0,68.0,66.0,62.0,68.0,113.0
98.0,76.0,68.0,66.0,62.0,68.0,78.0,134.0
96.0,72.0,66.0,62.0,68.0,78.0,113.0,149.0
76.0,66.0,68.0,78.0,113.0,134.0,149.0,159.0
72.0,62.0,78.0,113.0,134.0,149.0,159.0,158.0
68.0,68.0,113.0,134.0,149.0,159.0,159.0,158.0
62.0,113.0,149.0,159.0,159.0,158.0,158.0,149.0
68.0,134.0,159.0,159.0,158.0,158.0,153.0,146.0
78.0,149.0,159.0,158.0,158.0,153.0,149.0,145.0
134.0,159.0,158.0,153.0,149.0,146.0,145.0,135.0
149.0,158.0,153.0,149.0,146.0,145.0,143.0,129.0
158.0,149.0,145.0,143.0,135.0,129.0,129.0,131.0
158.0,146.0,143.0,135.0,129.0,129.0,131.0,129.0
149.0,143.0,129.0,129.0,131.0,131.0,129.0,127.0
146.0,135.0,129.0,131.0,131.0,129.0,128.0,126.0
145.0,129.0,131.0,131.0,129.0,128.0,127.0,123.0
143.0,129.0,131.0,129.0,128.0,127.0,126.0,118.0
135.0,131.0,129.0,128.0,127.0,126.0,123.0,117.0
129.0,131.0,128.0,127.0,126.0,123.0,118.0,115.0
131.0,127.0,123.0,118.0,117.0,115.0,113.0,109.0
196.0,213.0,193.0,195.0,194.0,186.0,182.0,173.0
205.0,212.0,195.0,194.0,186.0,182.0,176.0,170.0
209.0,193.0,194.0,186.0,182.0,176.0,173.0,166.0
193.0,186.0,176.0,173.0,170.0,166.0,148.0,144.0
195.0,182.0,173.0,170.0,166.0,148.0,141.0,144.0
186.0,173.0,166.0,148.0,141.0,144.0,144.0,142.0
182.0,170.0,148.0,141.0,144.0,144.0,142.0,140.0
176.0,166.0,141.0,144.0,144.0,142.0,142.0,135.0
166.0,144.0,142.0,142.0,140.0,135.0,131.0,121.0
141.0,142.0,140.0,135.0,131.0,127.0,121.0,120.0
144.0,142.0,135.0,131.0,127.0,121.0,120.0,113.0
144.0,140.0,131.0,127.0,121.0,120.0,120.0,109.0
142.0,135.0,127.0,121.0,120.0,120.0,113.0,104.0
142.0,131.0,121.0,120.0,120.0,113.0,109.0,100.0
140.0,127.0,120.0,120.0,113.0,109.0,104.0,97.0
135.0,121.0,120.0,113.0,109.0,104.0,100.0,93.0
131.0,120.0,113.0,109.0,104.0,100.0,97.0,89.0
121.0,113.0,104.0,100.0,97.0,93.0,89.0,86.0
120.0,109.0,100.0,97.0,93.0,89.0,87.0,80.0
120.0,104.0,97.0,93.0,89.0,87.0,86.0,74.0
113.0,100.0,93.0,89.0,87.0,86.0,80.0,73.0
109.0,97.0,89.0,87.0,86.0,80.0,74.0,72.0
100.0,89.0,86.0,80.0,74.0,73.0,72.0,66.0
93.0,86.0,74.0,73.0,72.0,67.0,66.0,62.0
86.0,73.0,67.0,66.0,64.0,62.0,59.0,57.0
194.0,217.0,217.0,209.0,175.0,165.0,162.0,174.0
201.0,218.0,209.0,175.0,165.0,162.0,168.0,177.0
206.0,217.0,175.0,165.0,162.0,168.0,174.0,176.0
217.0,209.0,165.0,162.0,168.0,174.0,177.0,171.0
218.0,175.0,162.0,168.0,174.0,177.0,176.0,165.0
217.0,165.0,168.0,174.0,177.0,176.0,171.0,165.0
209.0,162.0,174.0,177.0,176.0,171.0,165.0,165.0
175.0,168.0,177.0,176.0,171.0,165.0,165.0,165.0
165.0,174.0,176.0,171.0,165.0,165.0,165.0,165.0
162.0,177.0,171.0,165.0,165.0,165.0,165.0,169.0
168.0,176.0,165.0,165.0,165.0,165.0,165.0,171.0
174.0,171.0,165.0,165.0,165.0,165.0,169.0,172.0
177.0,165.0,165.0,165.0,165.0,169.0,171.0,171.0
176.0,165.0,165.0,165.0,169.0,171.0,172.0,169.0
171.0,165.0,165.0,169.0,171.0,172.0,171.0,169.0
165.0,165.0,169.0,171.0,172.0,171.0,169.0,169.0
165.0,169.0,172.0,171.0,169.0,169.0,169.0,165.0
165.0,171.0,171.0,169.0,169.0,169.0,164.0,165.0
165.0,172.0,169.0,169.0,169.0,164.0,165.0,164.0
169.0,171.0,169.0,169.0,164.0,165.0,165.0,164.0
171.0,169.0,169.0,164.0,165.0,165.0,164.0,167.0
171.0,169.0,165.0,165.0,164.0,164.0,167.0,165.0
169.0,164.0,165.0,164.0,164.0,167.0,168.0,163.0
169.0,165.0,164.0,164.3,167.1,167.7,164.8,161.0
164.1,164.0,167.1,167.7,164.8,162.8181818181818,161.0,156.0
168.0,161.1818181818182,156.1818181818182,155.0,152.0,151.0,150.0,147.0
164.8,157.8181818181818,154.7,151.9,150.9,149.9,148.8,143.0
162.8181818181818,156.0,151.9,150.9,149.9,148.8,146.63636363636363,142.0
193.0,177.2,169.0,169.0,169.0,167.0,165.0,156.0
177.2,169.0,167.0,165.0,161.0,156.0,148.0,141.0
169.9090909090909,169.0,165.0,161.0,156.0,148.0,146.0,138.0
169.0,165.0,156.0,148.0,146.0,141.0,138.0,132.0
169.0,161.0,148.0,146.0,141.0,138.0,134.0,136.0
167.0,156.0,146.0,141.0,138.0,134.0,132.0,127.0
165.0,148.0,141.0,138.0,134.0,132.0,136.0,129.0
161.0,146.0,138.0,134.0,132.0,136.0,127.0,128.0
156.0,141.0,134.0,132.0,136.0,127.0,129.0,124.0
148.0,138.0,132.0,136.0,127.0,129.0,128.0,126.0
141.0,132.0,127.0,129.0,128.0,124.0,126.0,114.0
138.0,136.0,129.0,128.0,124.0,126.0,118.0,109.0
134.0,127.0,128.0,124.0,126.0,118.0,114.0,104.0
127.0,124.0,118.0,114.0,109.0,104.0,89.0,97.0
129.0,126.0,114.0,109.0,104.0,89.0,99.0,91.0
128.0,118.0,109.0,104.0,89.0,99.0,97.0,92.0
124.0,114.0,104.0,89.0,99.0,97.0,91.0,93.0
126.0,109.0,89.0,99.0,97.0,91.0,92.0,94.0
118.0,104.0,99.0,97.0,91.0,92.0,93.0,90.0
114.0,89.0,97.0,91.0,92.0,93.0,94.0,92.0
104.0,97.0,92.0,93.0,94.0,90.0,92.0,89.0
99.0,92.0,94.0,90.0,92.0,89.0,89.0,87.0
97.0,93.0,90.0,92.0,89.0,89.0,88.0,80.0
92.0,90.0,89.0,89.0,88.0,87.0,80.0,86.0
93.0,92.0,89.0,88.0,87.0,80.0,87.0,82.0
94.0,89.0,88.0,87.0,80.0,87.0,86.0,82.0
168.0,162.0,170.0,195.0,193.0,186.0,186.0,177.0
162.0,195.0,186.0,186.0,188.0,177.0,186.0,193.0
166.0,193.0,186.0,188.0,177.0,186.0,191.0,185.0
170.0,186.0,188.0,177.0,186.0,191.0,193.0,178.0
195.0,186.0,177.0,186.0,191.0,193.0,185.0,179.0
193.0,188.0,186.0,191.0,193.0,185.0,178.0,180.0
186.0,177.0,191.0,193.0,185.0,178.0,179.0,181.0
186.0,186.0,193.0,185.0,178.0,179.0,180.0,176.0
188.0,191.0,185.0,178.0,179.0,180.0,181.0,171.0
177.0,193.0,178.0,179.0,180.0,181.0,176.0,169.0
186.0,185.0,179.0,180.0,181.0,176.0,171.0,168.0
191.0,178.0,180.0,181.0,176.0,171.0,169.0,161.0
193.0,179.0,181.0,176.0,171.0,169.0,168.0,159.0
178.0,181.0,171.0,169.0,168.0,161.0,159.0,155.0
179.0,176.0,169.0,168.0,161.0,159.0,157.0,149.0
180.0,171.0,168.0,161.0,159.0,157.0,155.0,143.0
176.0,168.0,159.0,157.0,155.0,149.0,143.0,137.0
171.0,161.0,157.0,155.0,149.0,143.0,143.0,123.0
169.0,159.0,155.0,149.0,143.0,143.0,137.0,127.0
168.0,157.0,149.0,143.0,143.0,137.0,123.0,121.0
161.0,155.0,143.0,143.0,137.0,123.0,127.0,119.0
159.0,149.0,143.0,137.0,123.0,127.0,121.0,111.0
157.0,143.0,137.0,123.0,127.0,121.0,119.0,107.0
155.0,143.0,123.0,127.0,121.0,119.0,111.0,107.0
149.0,137.0,127.0,121.0,119.0,111.0,107.0,102.0
133.0,151.0,151.0,151.0,147.0,142.0,143.0,150.0
140.0,151.0,151.0,147.0,142.0,143.0,149.0,153.0
144.0,151.0,147.0,142.0,143.0,149.0,150.0,154.0
151.0,151.0,142.0,143.0,149.0,150.0,153.0,154.0
151.0,142.0,149.0,150.0,153.0,154.0,154.0,148.0
153.0,132.6,143.1,143.8,141.63636363636363,138.0,136.0,133.0
132.6,143.8,138.0,136.0,135.0,133.0,131.0,123.0
130.4,141.63636363636363,136.0,135.0,133.0,131.0,127.0,120.0
143.0,138.36363636363637,135.1,133.2,131.2,127.4,123.4,117.0
141.63636363636363,135.0,131.0,127.0,123.0,120.0,116.45454545454545,109.0
136.0,131.0,123.0,120.0,116.45454545454545,111.0,109.0,107.0
135.0,127.0,120.0,116.45454545454545,111.0,109.0,107.0,101.0
133.0,123.0,116.45454545454545,111.0,109.0,107.0,107.0,99.0
127.0,116.45454545454545,109.0,107.0,107.0,101.0,99.0,101.0
123.0,111.0,107.0,107.0,101.0,99.0,99.0,103.0
80.0,77.0,76.0,77.0,81.0,83.0,84.0,92.0
78.0,76.0,81.0,83.0,84.0,86.0,92.0,100.0
77.0,77.0,83.0,84.0,86.0,92.0,99.0,93.0
76.0,83.0,86.0,92.0,99.0,100.0,93.0,71.0
77.0,84.0,92.0,99.0,100.0,93.0,82.0,57.0
83.0,92.0,100.0,93.0,82.0,71.0,57.0,43.0
84.0,99.0,93.0,82.0,71.0,57.0,45.0,52.0
86.0,100.0,82.0,71.0,57.0,45.0,43.0,63.0
92.0,93.0,71.0,57.0,45.0,43.0,52.0,80.0
99.0,82.0,57.0,45.0,43.0,52.0,63.0,91.0
100.0,71.0,45.0,43.0,52.0,63.0,80.0,101.0
82.0,45.0,52.0,63.0,80.0,91.0,101.0,122.0
57.0,52.0,80.0,91.0,101.0,112.0,122.0,139.0
45.0,63.0,91.0,101.0,112.0,122.0,133.0,148.0
43.0,80.0,101.0,112.0,122.0,133.0,139.0,160.0
52.0,91.0,112.0,122.0,133.0,139.0,148.0,170.0
80.0,112.0,133.0,139.0,148.0,160.0,170.0,186.0
91.0,122.0,139.0,148.0,160.0,170.0,179.0,192.0
112.0,139.0,160.0,170.0,179.0,186.0,192.0,204.0
122.0,148.0,170.0,179.0,186.0,192.0,200.0,210.0
139.0,170.0,186.0,192.0,200.0,204.0,210.0,228.0
148.0,179.0,192.0,200.0,204.0,210.0,218.0,238.0
160.0,186.0,200.0,204.0,210.0,218.0,228.0,250.0
170.0,192.0,204.0,210.0,218.0,228.0,238.0,263.0
179.0,200.0,210.0,218.0,228.0,238.0,250.0,266.0
200.0,218.0,238.0,250.0,263.0,266.0,265.0,283.0
108.0,141.0,138.0,129.0,124.0,123.0,121.0,114.0
119.0,142.0,129.0,124.0,123.0,121.0,120.0,110.0
133.0,138.0,124.0,123.0,121.0,120.0,114.0,104.0
141.0,129.0,123.0,121.0,120.0,114.0,110.0,101.0
142.0,124.0,121.0,120.0,114.0,110.0,104.0,99.0
129.0,121.0,114.0,110.0,104.0,101.0,99.0,103.0
123.0,114.0,104.0,101.0,99.0,99.0,103.0,109.0
110.0,99.0,103.0,108.0,109.0,109.0,111.0,112.0
104.0,99.0,108.0,109.0,109.0,111.0,112.0,107.0
101.0,103.0,109.0,109.0,111.0,112.0,112.0,107.0
99.0,108.0,109.0,111.0,112.0,112.0,107.0,110.0
99.0,109.0,111.0,112.0,112.0,107.0,107.0,111.0
103.0,109.0,112.0,112.0,107.0,107.0,110.0,112.0
108.0,111.0,112.0,107.0,107.0,110.0,111.0,113.0
109.0,112.0,107.0,107.0,110.0,111.0,112.0,114.0
109.0,112.0,107.0,110.0,111.0,112.0,113.0,113.0
111.0,107.0,110.0,111.0,112.0,113.0,114.0,112.0
112.0,107.0,111.0,112.0,113.0,114.0,113.0,112.0
112.0,110.0,112.0,113.0,114.0,113.0,112.0,111.0
107.0,112.0,114.0,113.0,112.0,112.0,111.0,109.0
111.0,114.0,112.0,112.0,111.0,111.0,109.0,109.0
113.0,112.0,111.0,111.0,109.0,109.0,109.0,101.0
114.0,112.0,111.0,109.0,109.0,109.0,107.0,102.0
113.0,111.0,109.0,109.0,109.0,107.0,101.0,100.0
112.0,111.0,109.0,109.0,107.0,101.0,102.0,99.0
112.0,109.0,109.0,107.0,101.0,102.0,100.0,100.0
111.0,109.0,107.0,101.0,102.0,100.0,99.0,103.0
154.5,169.3,173.3,176.2,178.4,182.2,184.6,194.0
159.0,172.0,176.0,178.0,182.0,184.0,190.0,193.0
163.6,173.3,178.4,182.2,184.6,190.36363636363637,194.0,192.0
173.3,182.2,190.36363636363637,194.0,192.9090909090909,192.0,195.27272727272728,201.0
176.2,184.6,194.0,192.9090909090909,192.0,195.27272727272728,198.0,205.0
178.4,190.36363636363637,192.9090909090909,192.0,195.27272727272728,198.0,201.0,209.0
184.6,192.9090909090909,195.27272727272728,198.0,201.0,205.0,209.0,208.0
194.0,195.27272727272728,201.0,205.0,209.0,208.9090909090909,208.0,212.0
192.9090909090909,198.0,205.0,209.0,208.9090909090909,208.0,209.0,214.0
195.27272727272728,205.0,208.9090909090909,208.0,209.0,212.0,214.0,216.0
198.0,209.0,208.0,209.0,212.0,214.0,215.0,215.0
208.0,214.0,216.0,215.0,215.0,216.0,212.0,214.0
209.0,215.0,215.0,215.0,216.0,212.0,210.0,216.0
214.0,215.0,216.0,212.0,210.0,214.0,216.0,213.0
215.0,215.0,212.0,210.0,214.0,216.0,214.0,207.0
216.0,216.0,210.0,214.0,216.0,214.0,213.0,204.0
215.0,212.0,214.0,216.0,214.0,213.0,207.0,199.0
215.0,210.0,216.0,214.0,213.0,207.0,204.0,196.0
216.0,214.0,214.0,213.0,207.0,204.0,199.0,196.0
212.0,216.0,213.0,207.0,204.0,199.0,196.0,192.0
210.0,214.0,207.0,204.0,199.0,196.0,196.0,190.0
214.0,213.0,204.0,199.0,196.0,196.0,192.0,188.0
216.0,207.0,199.0,196.0,196.0,192.0,190.0,187.0
214.0,204.0,196.0,196.0,192.0,190.0,188.0,187.0
213.0,199.0,196.0,192.0,190.0,188.0,187.0,187.0
161.0,253.0,305.0,309.0,285.0,273.0,213.0,175.0
199.0,278.0,309.0,285.0,273.0,213.0,182.0,177.0
253.0,309.0,273.0,213.0,182.0,175.0,177.0,175.0
278.0,285.0,213.0,182.0,175.0,177.0,184.0,175.0
309.0,213.0,175.0,177.0,184.0,175.0,175.0,157.0
285.0,182.0,177.0,184.0,175.0,175.0,165.0,152.0
267.0,175.2,183.1,175.0,174.0,164.2,156.5,151.0
213.0,177.0,175.0,175.0,165.0,157.0,152.0,154.0
177.7,174.0,156.5,151.9090909090909,151.0,154.2,156.4,167.0
174.0,151.9090909090909,154.2,156.4,160.63636363636363,167.0,164.8,148.0
156.5,154.2,160.63636363636363,167.0,164.8,153.45454545454547,148.0,146.0
151.0,160.63636363636363,164.8,153.45454545454547,148.0,140.54545454545453,146.0,134.0
160.63636363636363,153.45454545454547,140.54545454545453,146.0,143.0,134.0,127.0,121.0
167.0,148.0,146.0,143.0,134.0,127.0,126.0,117.0
153.45454545454547,146.0,134.0,127.0,126.0,121.0,117.0,111.0
148.0,143.0,127.0,126.0,121.0,117.0,113.0,108.0
140.54545454545453,134.0,126.0,121.0,117.0,113.0,111.0,104.0
134.0,121.0,113.0,111.0,108.0,104.0,101.0,93.0
126.0,113.0,108.0,104.0,101.0,97.0,93.0,89.0
121.0,111.0,104.0,101.0,97.0,93.0,91.0,89.0
169.0,122.0,128.0,130.0,129.0,124.0,117.0,108.0
151.0,123.0,130.0,129.0,124.0,117.0,110.0,103.0
135.0,128.0,129.0,124.0,117.0,110.0,108.0,97.0
122.0,130.0,124.0,117.0,110.0,108.0,103.0,94.0
123.0,129.0,117.0,110.0,108.0,103.0,97.0,91.0
128.0,124.0,110.0,108.0,103.0,97.0,94.0,90.0
130.0,117.0,108.0,103.0,97.0,94.0,91.0,93.0
129.0,110.0,103.0,97.0,94.0,91.0,90.0,100.0
124.0,108.0,97.0,94.0,91.0,90.0,93.0,110.0
117.0,103.0,94.0,91.0,90.0,93.0,100.0,119.0
110.0,97.0,91.0,90.0,93.0,100.0,110.0,126.0
103.0,91.0,93.0,100.0,110.0,119.0,126.0,148.0
97.0,90.0,100.0,110.0,119.0,126.0,141.0,162.0
94.0,93.0,110.0,119.0,126.0,141.0,148.0,176.0
90.0,110.0,126.0,141.0,148.0,162.0,176.0,199.0
93.0,119.0,141.0,148.0,162.0,176.0,189.0,205.0
100.0,126.0,148.0,162.0,176.0,189.0,199.0,210.0
110.0,141.0,162.0,176.0,189.0,199.0,205.0,211.0
119.0,148.0,176.0,189.0,199.0,205.0,210.0,210.0
126.0,162.0,189.0,199.0,205.0,210.0,211.0,206.0
141.0,176.0,199.0,205.0,210.0,211.0,210.0,198.0
148.0,189.0,205.0,210.0,211.0,210.0,206.0,190.0
162.0,199.0,210.0,211.0,210.0,206.0,198.0,181.0
176.0,205.0,211.0,210.0,206.0,198.0,190.0,174.0
210.1,205.2,189.1,180.3,173.0909090909091,164.0,156.6,147.0
210.9,197.2,180.3,173.0909090909091,164.0,156.6,152.45454545454547,140.0
205.2,180.3,164.0,156.6,152.45454545454547,147.0,140.0,140.0
197.2,173.0909090909091,156.6,152.45454545454547,147.0,140.0,139.0909090909091,146.0
189.1,164.0,152.45454545454547,147.0,140.0,139.0909090909091,140.0,145.0
93.0,100.0,124.1,126.36363636363636,140.0,151.63636363636363,158.0,185.0
168.0,215.0,245.0,253.0,259.0,267.0,272.0,280.0
215.0,253.0,267.0,272.0,281.0,280.0,281.0,286.0
224.0,259.0,272.0,281.0,280.0,281.0,284.0,268.0
245.0,267.0,281.0,280.0,281.0,284.0,286.0,243.0
253.0,272.0,280.0,281.0,284.0,286.0,268.0,223.0
267.0,280.0,284.0,286.0,268.0,243.0,223.0,196.0
272.0,281.0,286.0,268.0,243.0,223.0,206.0,192.0
281.0,284.0,268.0,243.0,223.0,206.0,196.0,190.0
280.0,286.0,243.0,223.0,206.0,196.0,192.0,191.0
284.0,243.0,206.0,196.0,192.0,190.0,191.0,181.0
286.0,223.0,196.0,192.0,190.0,191.0,189.0,170.0
268.0,206.0,192.0,190.0,191.0,189.0,181.0,158.0
243.0,196.0,190.0,191.0,189.0,181.0,170.0,150.0
223.0,192.0,191.0,189.0,181.0,170.0,158.0,143.0
206.0,190.0,189.0,181.0,170.0,158.0,150.0,142.0
192.0,189.0,170.0,158.0,150.0,143.0,142.0,138.0
191.0,170.0,150.0,143.0,142.0,141.0,138.0,128.0
189.0,158.0,143.0,142.0,141.0,138.0,135.0,128.0
208.0,211.0,209.0,206.0,205.0,202.0,194.0,206.0
211.0,209.0,205.0,202.0,194.0,205.0,206.0,202.0
211.0,206.0,202.0,194.0,205.0,206.0,203.0,201.0
212.0,205.0,194.0,205.0,206.0,203.0,202.0,202.0
209.0,202.0,205.0,206.0,203.0,202.0,201.0,201.0
206.0,194.0,206.0,203.0,202.0,201.0,202.0,180.0
205.0,205.0,203.0,202.0,201.0,202.0,201.0,179.0
202.0,206.0,202.0,201.0,202.0,201.0,180.0,171.0
205.0,202.0,202.0,201.0,180.0,179.0,171.0,155.0
202.0,201.0,179.0,171.0,153.0,155.0,150.0,142.0
201.0,180.0,171.0,153.0,155.0,150.0,143.0,158.0
202.0,179.0,153.0,155.0,150.0,143.0,142.0,161.0
201.0,171.0,155.0,150.0,143.0,142.0,158.0,153.0
180.0,153.0,150.0,143.0,142.0,158.0,161.0,154.0
179.0,155.0,143.0,142.0,158.0,161.0,153.0,148.0
171.0,150.0,142.0,158.0,161.0,153.0,154.0,142.0
153.0,143.0,158.0,161.0,153.0,154.0,148.0,141.0
155.0,142.0,161.0,153.0,154.0,148.0,142.0,143.0
143.0,161.0,154.0,148.0,142.0,141.0,143.0,141.0
158.0,154.0,142.0,141.0,143.0,144.0,141.0,139.0
161.0,148.0,141.0,143.0,144.0,141.0,141.0,135.0
153.0,142.0,143.0,144.0,141.0,141.0,139.0,133.0
154.0,141.0,144.0,141.0,141.0,139.0,135.0,132.0
141.0,141.0,139.0,135.0,133.0,132.0,130.0,124.0
144.0,139.0,133.0,132.0,130.0,126.0,124.0,120.0
141.0,133.0,130.0,126.0,124.0,122.0,120.0,116.0
91.0,85.0,86.0,83.0,81.0,80.0,80.0,73.0
85.0,86.0,81.0,80.0,80.0,74.0,73.0,69.0
85.0,83.0,80.0,80.0,74.0,73.0,71.0,64.0
85.0,81.0,80.0,74.0,73.0,71.0,69.0,63.0
86.0,80.0,74.0,73.0,71.0,69.0,64.0,70.0
83.0,80.0,73.0,71.0,69.0,64.0,63.0,77.0
80.0,72.8,68.5,63.9,63.7,70.7,77.1,77.0
79.4,70.8,63.9,63.7,70.7,77.1,77.9090909090909,75.0
72.8,63.9,70.7,77.1,77.9090909090909,77.0,75.0,82.0
70.8,63.7,77.1,77.9090909090909,77.0,75.0,78.36363636363636,84.0
63.7,77.9090909090909,75.0,78.36363636363636,82.0,84.0,85.0,84.0
70.7,77.0,78.36363636363636,82.0,84.0,85.0,85.0,77.0
77.1,75.0,82.0,84.0,85.0,85.0,84.0,69.0
77.0,82.0,85.0,85.0,84.0,77.0,69.0,69.0
75.0,84.0,85.0,84.0,77.0,69.0,72.0,74.0
78.36363636363636,85.0,84.0,77.0,69.0,72.0,69.0,83.0
84.0,84.0,69.0,72.0,69.0,74.0,83.0,95.0
85.0,77.0,72.0,69.0,74.0,83.0,91.0,97.0
84.0,72.0,74.0,83.0,91.0,95.0,97.0,92.0
72.0,83.0,95.0,97.0,97.0,92.0,89.0,88.0
69.0,91.0,97.0,97.0,92.0,89.0,87.0,84.0
74.0,95.0,97.0,92.0,89.0,87.0,88.0,70.0
91.0,97.0,89.0,87.0,88.0,84.0,70.0,68.0
95.0,92.0,87.0,88.0,84.0,70.0,69.0,78.0
97.0,89.0,88.0,84.0,70.0,69.0,68.0,93.0
204.0,225.0,241.0,246.0,237.0,227.0,226.0,219.0
223.0,241.0,237.0,227.0,226.0,222.0,219.0,206.0
225.0,246.0,227.0,226.0,222.0,219.0,213.0,208.0
239.0,237.0,226.0,222.0,219.0,213.0,206.0,199.0
241.0,227.0,222.0,219.0,213.0,206.0,208.0,197.0
246.0,226.0,219.0,213.0,206.0,208.0,199.0,211.0
227.0,219.0,206.0,208.0,199.0,197.0,211.0,205.0
226.0,213.0,208.0,199.0,197.0,211.0,205.0,199.0
206.0,197.0,205.0,205.0,199.0,195.0,195.0,183.0
208.0,211.0,205.0,199.0,195.0,195.0,188.0,179.0
199.0,205.0,199.0,195.0,195.0,188.0,183.0,175.0
197.0,205.0,195.0,195.0,188.0,183.0,179.0,172.0
211.0,199.0,195.0,188.0,183.0,179.0,175.0,169.0
205.0,195.0,188.0,183.0,179.0,175.0,172.0,165.0
199.0,188.0,179.0,175.0,172.0,169.0,165.0,161.0
195.0,183.0,175.0,172.0,169.0,165.0,163.0,156.0
195.0,179.0,172.0,169.0,165.0,163.0,161.0,143.0
188.0,175.0,169.0,165.0,163.0,161.0,156.0,141.0
183.0,172.0,165.0,163.0,161.0,156.0,143.0,149.0
175.0,165.0,161.0,156.0,143.0,141.0,149.0,129.0
169.0,161.0,143.0,141.0,149.0,144.0,129.0,122.0
165.0,156.0,141.0,149.0,144.0,129.0,123.0,127.0
141.0,129.0,122.0,127.0,127.0,124.0,121.0,109.0
230.0,234.0,239.0,244.0,247.0,249.0,262.0,282.0
229.0,237.0,244.0,247.0,249.0,262.0,281.0,283.0
234.0,244.0,249.0,262.0,281.0,282.0,283.0,277.0
239.0,249.0,281.0,282.0,283.0,279.0,277.0,259.0
244.0,262.0,282.0,283.0,279.0,277.0,275.0,243.0
247.0,281.0,283.0,279.0,277.0,275.0,259.0,229.0
249.0,282.0,279.0,277.0,275.0,259.0,243.0,225.0
262.0,283.0,277.0,275.0,259.0,243.0,229.0,215.0
282.0,277.0,259.0,243.0,229.0,225.0,215.0,190.0
282.6,273.4,241.6,228.6,224.0,213.7,200.8,184.0
279.0,259.0,229.0,225.0,215.0,202.0,190.0,176.0
225.0,190.0,176.0,172.0,169.0,165.0,161.0,151.0
202.0,176.0,169.0,165.0,161.0,160.0,151.0,155.0
176.0,165.0,160.0,151.0,154.0,155.0,152.0,147.0
172.0,161.0,151.0,154.0,155.0,152.0,150.0,147.0
169.0,160.0,154.0,155.0,152.0,150.0,147.0,137.0
165.0,151.0,155.0,152.0,150.0,147.0,147.0,135.0
161.0,154.0,152.0,150.0,147.0,147.0,137.0,125.0
160.0,155.0,150.0,147.0,147.0,137.0,135.0,129.0
151.0,152.0,147.0,147.0,137.0,135.0,125.0,131.0
154.0,150.0,147.0,137.0,135.0,125.0,129.0,128.0
152.0,147.0,135.0,125.0,129.0,131.0,128.0,125.0
150.0,137.0,125.0,129.0,131.0,128.0,129.0,109.0
147.0,134.0,129.2,130.7,128.1,128.6,123.4,109.0
172.6,158.4,144.54545454545453,140.0,131.0,125.0,121.18181818181819,111.0
168.63636363636363,152.2,140.0,131.0,125.0,121.18181818181819,113.0,107.0
158.4,140.0,125.0,121.18181818181819,113.0,111.0,107.0,81.0
152.2,131.0,121.18181818181819,113.0,111.0,107.0,91.9090909090909,87.0
144.54545454545453,125.0,113.0,111.0,107.0,91.9090909090909,81.0,84.0
140.0,121.18181818181819,111.0,107.0,91.9090909090909,81.0,87.0,81.0
131.0,113.0,107.0,91.9090909090909,81.0,87.0,84.0,78.0
125.0,111.0,91.9090909090909,81.0,87.0,84.0,81.0,70.0
121.18181818181819,107.0,81.0,87.0,84.0,81.0,78.0,69.0
113.0,91.9090909090909,87.0,84.0,81.0,78.0,70.0,70.0
111.0,81.0,84.0,81.0,78.0,70.0,69.0,60.0
107.0,87.0,81.0,78.0,70.0,69.0,70.0,74.0
87.0,78.0,69.0,70.0,60.0,74.0,99.0,138.0
81.0,69.0,60.0,74.0,99.0,120.0,138.0,132.0
78.0,70.0,74.0,99.0,120.0,138.0,133.0,151.0
70.0,60.0,99.0,120.0,138.0,133.0,132.0,156.0
69.0,74.0,120.0,138.0,133.0,132.0,151.0,158.0
70.0,99.0,138.0,133.0,132.0,151.0,156.0,159.0
60.0,120.0,133.0,132.0,151.0,156.0,158.0,155.0
74.0,138.0,132.0,151.0,156.0,158.0,159.0,153.0
99.0,133.0,151.0,156.0,158.0,159.0,155.0,149.0
120.0,132.0,156.0,158.0,159.0,155.0,153.0,146.0
138.0,151.0,158.0,159.0,155.0,153.0,149.0,144.0
133.0,156.0,159.0,155.0,153.0,149.0,146.0,138.0
132.0,158.0,155.0,153.0,149.0,146.0,144.0,136.0
151.0,159.0,153.0,149.0,146.0,144.0,138.0,115.0
156.0,155.0,149.0,146.0,144.0,138.0,136.0,121.0
158.0,153.0,146.0,144.0,138.0,136.0,115.0,130.0
159.0,149.0,144.0,138.0,136.0,115.0,121.0,115.0
155.0,146.0,138.0,136.0,115.0,121.0,130.0,115.0
153.0,144.0,136.0,115.0,121.0,130.0,115.0,109.0
196.2,203.0,202.8,201.5,205.4,199.7,198.0,207.0
189.0,203.0,201.0,206.0,200.0,197.0,207.0,207.0
203.0,201.5,199.7,198.0,207.0,207.0,207.27272727272728,180.0
203.0,205.4,198.0,207.0,207.0,207.27272727272728,210.0,180.0
205.4,207.0,207.27272727272728,210.0,180.0,180.0,187.2,169.0
199.7,207.0,210.0,180.0,180.0,187.2,187.1818181818182,156.0
198.0,207.27272727272728,180.0,180.0,187.2,187.1818181818182,169.0,168.0
207.0,180.0,187.2,187.1818181818182,169.0,156.0,168.0,169.0
207.27272727272728,180.0,187.1818181818182,169.0,156.0,168.0,165.36363636363637,176.0
180.0,187.1818181818182,156.0,168.0,165.36363636363637,169.0,176.0,163.0
180.0,169.0,168.0,165.36363636363637,169.0,176.0,165.72727272727272,159.0
169.0,165.36363636363637,176.0,165.72727272727272,163.0,159.0,149.0,139.0
168.0,176.0,163.0,159.0,149.0,129.0,139.0,141.0
165.36363636363637,165.72727272727272,159.0,149.0,129.0,139.0,148.0,157.0
169.0,163.0,149.0,129.0,139.0,148.0,141.0,155.0
165.72727272727272,149.0,139.0,148.0,141.0,157.0,155.0,158.0
159.0,139.0,141.0,157.0,155.0,150.0,158.0,145.0
149.0,148.0,157.0,155.0,150.0,158.0,157.0,146.0
129.0,141.0,155.0,150.0,158.0,157.0,145.0,146.0
139.0,157.0,150.0,158.0,157.0,145.0,146.0,148.0
148.0,155.0,158.0,157.0,145.0,146.0,146.0,151.0
141.0,150.0,157.0,145.0,146.0,146.0,148.0,156.0
157.0,158.0,145.0,146.0,146.0,148.0,151.0,161.0
155.0,157.0,146.0,146.0,148.0,151.0,156.0,153.0
150.0,145.0,146.0,148.0,151.0,156.0,161.0,154.0
158.0,146.0,148.0,151.0,156.0,161.0,153.0,166.0
120.0,127.0,148.0,155.0,159.0,159.0,141.0,155.0
114.0,138.0,155.0,159.0,159.0,141.0,131.0,157.0
127.0,155.0,159.0,141.0,131.0,155.0,157.0,153.0
148.0,159.0,131.0,155.0,157.0,155.0,153.0,130.0
155.0,141.0,155.0,157.0,155.0,153.0,147.0,122.0
159.0,131.0,157.0,155.0,153.0,147.0,130.0,139.0
159.0,155.0,155.0,153.0,147.0,130.0,122.0,139.0
131.0,155.0,147.0,130.0,122.0,139.0,139.0,133.0
157.0,147.0,122.0,139.0,139.0,136.0,133.0,110.0
153.0,122.0,139.0,136.0,133.0,122.0,110.0,93.0
147.0,139.0,136.0,133.0,122.0,110.0,109.0,90.0
130.0,139.0,133.0,122.0,110.0,109.0,93.0,88.0
122.0,136.0,122.0,110.0,109.0,93.0,90.0,99.0
139.0,133.0,110.0,109.0,93.0,90.0,88.0,93.0
136.0,110.0,93.0,90.0,88.0,99.0,93.0,87.0
133.0,109.0,90.0,88.0,99.0,93.0,96.0,79.0
122.0,93.0,88.0,99.0,93.0,96.0,87.0,75.0
110.0,90.0,99.0,93.0,96.0,87.0,79.0,79.0
109.0,88.0,93.0,96.0,87.0,79.0,75.0,75.0
93.0,99.0,96.0,87.0,79.0,75.0,79.0,74.0
90.0,93.0,87.0,79.0,75.0,79.0,75.0,82.0
88.0,96.0,79.0,75.0,79.0,75.0,74.0,99.0
99.0,87.0,75.0,79.0,75.0,74.0,82.0,118.0
93.0,79.0,79.0,75.0,74.0,82.0,99.0,135.0
96.0,75.0,75.0,74.0,82.0,99.0,118.0,134.0
87.0,79.0,74.0,82.0,99.0,118.0,135.0,134.0
79.0,75.0,82.0,99.0,118.0,135.0,134.0,129.0
75.0,74.0,99.0,118.0,135.0,134.0,134.0,118.0
115.0,162.0,178.0,172.0,162.0,144.0,141.0,151.0
150.0,178.0,162.0,144.0,141.0,139.0,151.0,179.0
162.0,172.0,144.0,141.0,139.0,151.0,162.0,190.0
176.0,162.0,141.0,139.0,151.0,162.0,179.0,185.0
178.0,144.0,139.0,151.0,162.0,179.0,190.0,184.0
172.0,141.0,151.0,162.0,179.0,190.0,185.0,183.0
