159.0,130.0,105.0,105.0,109.0,114.0,120.0,126.0
148.0,114.0,105.0,109.0,114.0,120.0,127.0,120.0
142.0,105.0,109.0,114.0,120.0,127.0,126.0,114.0
130.0,105.0,114.0,120.0,127.0,126.0,120.0,109.0
105.0,114.0,127.0,126.0,120.0,114.0,109.0,99.0
105.0,120.0,126.0,120.0,114.0,109.0,104.0,95.0
109.0,127.0,120.0,114.0,109.0,104.0,99.0,95.0
114.0,126.0,114.0,109.0,104.0,99.0,95.0,98.0
120.0,120.0,109.0,104.0,99.0,95.0,95.0,103.0
120.0,104.0,95.0,95.0,98.0,103.0,107.0,107.0
114.0,99.0,95.0,98.0,103.0,107.0,107.0,108.0
109.0,95.0,98.0,103.0,107.0,107.0,107.0,109.0
104.0,95.0,103.0,107.0,107.0,107.0,108.0,111.0
99.0,98.0,107.0,107.0,107.0,108.0,109.0,112.0
95.0,103.0,107.0,107.0,108.0,109.0,111.0,109.0
95.0,107.0,107.0,108.0,109.0,111.0,112.0,109.0
98.0,107.0,108.0,109.0,111.0,112.0,109.0,108.0
103.0,107.0,109.0,111.0,112.0,109.0,109.0,107.0
107.0,108.0,111.0,112.0,109.0,109.0,108.0,106.0
107.0,109.0,112.0,109.0,109.0,108.0,107.0,106.0
107.0,111.0,109.0,109.0,108.0,107.0,106.0,109.0
108.0,112.0,109.0,108.0,107.0,106.0,106.0,111.0
109.0,109.0,108.0,107.0,106.0,106.0,109.0,111.0
111.0,109.0,107.0,106.0,106.0,109.0,111.0,110.0
109.0,106.0,109.0,111.0,111.0,110.0,106.0,99.0
108.0,106.0,111.0,111.0,110.0,106.0,102.0,97.0
107.0,109.0,111.0,110.0,106.0,102.0,99.0,96.0
108.7,110.1,102.4,99.3,97.2,96.1,96.9,97.0
110.8,106.4,99.3,97.2,96.1,96.9,97.0,100.0
313.0,325.0,318.0,318.0,319.0,318.0,311.0,278.0
331.0,318.0,319.0,318.0,311.0,290.0,278.0,264.0
324.6,318.1,317.3,308.9,288.8,278.2,278.4,264.0
321.0,319.0,311.0,290.0,278.0,280.0,264.0,262.0
318.0,317.3,288.8,278.2,278.4,264.0,264.0,254.0
318.9,288.8,278.4,264.0,264.0,261.27272727272725,254.0,242.0
317.3,278.2,264.0,264.0,261.27272727272725,254.0,248.36363636363637,222.0
288.8,264.0,261.27272727272725,254.0,248.36363636363637,242.0,222.0,192.0
264.0,254.0,242.0,222.0,200.1818181818182,192.0,183.0,202.0
264.0,248.36363636363637,222.0,200.1818181818182,192.0,183.0,201.0909090909091,194.0
254.0,222.0,192.0,183.0,201.0909090909091,202.0,194.0,180.0
248.36363636363637,200.1818181818182,183.0,201.0909090909091,202.0,194.0,187.0,172.0
242.0,192.0,201.0909090909091,202.0,194.0,187.0,180.0,155.0
222.0,183.0,202.0,194.0,187.0,180.0,172.0,148.0
200.1818181818182,201.0909090909091,194.0,187.0,180.0,172.0,155.0,141.0
192.0,202.0,187.0,180.0,172.0,155.0,148.0,132.0
183.0,194.0,180.0,172.0,155.0,148.0,141.0,130.0
201.0909090909091,187.0,172.0,155.0,148.0,141.0,132.0,121.0
202.0,180.0,155.0,148.0,141.0,132.0,130.0,108.0
194.0,172.0,148.0,141.0,132.0,130.0,121.0,102.0
187.0,155.0,141.0,132.0,130.0,121.0,108.0,94.0
180.0,148.0,132.0,130.0,121.0,108.0,102.0,85.0
172.0,141.0,130.0,121.0,108.0,102.0,94.0,79.0
155.0,132.0,121.0,108.0,102.0,94.0,85.0,74.0
141.0,121.0,102.0,94.0,85.0,79.0,74.0,72.0
132.0,108.0,94.0,85.0,79.0,74.0,73.0,73.0
130.0,102.0,85.0,79.0,74.0,73.0,72.0,71.0
108.0,85.0,74.0,73.0,72.0,73.0,71.0,74.0
164.0,187.0,208.0,219.0,219.0,218.0,212.0,229.0
170.0,198.0,219.0,219.0,218.0,212.0,221.0,233.0
187.0,219.0,218.0,212.0,221.0,229.0,233.0,230.0
208.0,218.0,221.0,229.0,233.0,231.0,230.0,232.0
219.0,212.0,229.0,233.0,231.0,230.0,229.0,235.0
219.0,221.0,233.0,231.0,230.0,229.0,232.0,232.0
218.0,229.0,231.0,230.0,229.0,232.0,235.0,230.0
212.0,233.0,230.0,229.0,232.0,235.0,232.0,230.0
221.0,231.0,229.0,232.0,235.0,232.0,230.0,231.0
233.0,229.0,235.0,232.0,230.0,230.0,231.0,232.0
231.0,232.0,232.0,230.0,230.0,231.0,233.0,228.0
230.0,235.0,230.0,230.0,231.0,233.0,232.0,225.0
232.0,230.0,231.0,233.0,232.0,228.0,225.0,218.0
235.0,230.0,233.0,232.0,228.0,225.0,224.0,209.0
232.0,231.0,232.0,228.0,225.0,224.0,218.0,198.0
230.0,233.0,228.0,225.0,224.0,218.0,209.0,181.0
230.0,232.0,225.0,224.0,218.0,209.0,198.0,171.0
231.0,228.0,224.0,218.0,209.0,198.0,181.0,167.0
233.0,225.0,218.0,209.0,198.0,181.0,171.0,162.0
232.0,224.0,209.0,198.0,181.0,171.0,167.0,158.0
225.0,209.0,181.0,171.0,167.0,162.0,158.0,154.0
218.0,181.0,167.0,162.0,158.0,156.0,154.0,149.0
209.0,171.0,162.0,158.0,156.0,154.0,153.0,145.0
181.0,162.0,156.0,154.0,153.0,149.0,145.0,134.0
162.0,154.0,149.0,145.0,138.0,134.0,128.0,120.0
158.0,153.0,145.0,138.0,134.0,128.0,122.0,121.0
253.0,274.0,258.45454545454544,273.0,270.8181818181818,269.0,261.0,250.0
270.8,258.8,273.0,270.8181818181818,269.0,261.0,254.0,247.0
274.0,273.0,269.0,261.0,254.0,250.0,247.0,232.0
258.8,270.8181818181818,261.0,254.0,250.0,247.0,237.0,231.0
258.45454545454544,269.0,254.0,250.0,247.0,237.0,232.0,222.0
273.0,261.0,250.0,247.0,237.0,232.0,231.0,220.0
254.0,237.0,231.0,222.0,220.0,217.0,216.0,204.0
250.0,232.0,222.0,220.0,217.0,216.0,204.0,206.0
247.0,231.0,220.0,217.0,216.0,204.0,204.0,203.0
237.0,222.0,217.0,216.0,204.0,204.0,206.0,202.0
232.0,220.0,216.0,204.0,204.0,206.0,203.0,201.0
220.0,204.0,206.0,203.0,202.0,201.0,200.0,194.0
216.0,206.0,202.0,201.0,200.0,197.0,194.0,189.0
204.0,203.0,201.0,200.0,197.0,194.0,192.0,188.0
204.0,202.0,200.0,197.0,194.0,192.0,189.0,188.0
206.0,201.0,197.0,194.0,192.0,189.0,188.0,190.0
202.0,197.0,192.0,189.0,188.0,188.0,190.0,188.0
200.0,192.0,188.0,188.0,190.0,188.0,188.0,160.0
197.0,189.0,188.0,190.0,188.0,188.0,175.0,168.0
194.0,188.0,190.0,188.0,188.0,175.0,160.0,166.0
189.0,190.0,188.0,175.0,160.0,168.0,166.0,171.0
188.0,188.0,175.0,160.0,168.0,166.0,163.0,172.0
188.0,188.0,160.0,168.0,166.0,163.0,171.0,175.0
190.0,175.0,168.0,166.0,163.0,171.0,172.0,176.0
188.0,168.0,163.0,171.0,172.0,175.0,176.0,181.0
320.0,303.0,312.0,312.0,313.0,294.0,244.0,179.0
320.0,310.0,312.0,313.0,294.0,244.0,225.0,178.0
310.0,313.0,244.0,225.0,179.0,178.0,179.0,155.0
312.0,294.0,225.0,179.0,178.0,179.0,159.0,153.0
312.0,244.0,179.0,178.0,179.0,159.0,155.0,144.0
294.0,179.0,179.0,159.0,155.0,153.0,144.0,152.0
244.0,178.0,159.0,155.0,153.0,144.0,145.0,151.0
225.0,179.0,155.0,153.0,144.0,145.0,152.0,157.0
179.0,159.0,153.0,144.0,145.0,152.0,151.0,163.0
179.0,153.0,145.0,152.0,151.0,157.0,163.0,171.0
153.0,152.0,157.0,163.0,169.0,171.0,171.0,172.0
144.0,151.0,163.0,169.0,171.0,171.0,171.0,175.0
152.0,163.0,171.0,171.0,171.0,172.0,175.0,173.0
151.0,169.0,171.0,171.0,172.0,175.0,174.0,172.0
157.0,171.0,171.0,172.0,175.0,174.0,173.0,170.0
163.0,171.0,172.0,175.0,174.0,173.0,172.0,155.0
169.0,171.0,175.0,174.0,173.0,172.0,170.0,158.0
171.0,172.0,174.0,173.0,172.0,170.0,155.0,148.0
172.0,173.0,170.0,155.0,158.0,148.0,153.0,154.0
175.0,172.0,155.0,158.0,148.0,153.0,155.0,153.0
174.0,170.0,158.0,148.0,153.0,155.0,154.0,146.0
173.0,155.0,148.0,153.0,155.0,154.0,153.0,145.0
172.0,158.0,153.0,155.0,154.0,153.0,146.0,146.0
170.0,148.0,155.0,154.0,153.0,146.0,145.0,147.0
155.0,153.0,154.0,153.0,146.0,145.0,146.0,138.0
158.0,155.0,153.0,146.0,145.0,146.0,147.0,138.0
138.0,192.0,235.0,244.0,256.0,265.0,278.0,291.0
150.0,213.0,244.0,256.0,265.0,278.0,284.0,299.0
170.0,235.0,256.0,265.0,278.0,284.0,291.0,300.0
192.0,244.0,265.0,278.0,284.0,291.0,299.0,298.0
235.0,265.0,284.0,291.0,299.0,300.0,298.0,296.0
256.0,284.0,299.0,300.0,298.0,294.0,296.0,321.0
265.0,291.0,300.0,298.0,294.0,296.0,312.0,332.0
278.0,299.0,298.0,294.0,296.0,312.0,321.0,332.0
284.0,300.0,294.0,296.0,312.0,321.0,332.0,331.0
299.0,294.0,312.0,321.0,332.0,332.0,331.0,314.0
300.0,296.0,321.0,332.0,332.0,331.0,320.0,315.0
294.0,321.0,332.0,331.0,320.0,314.0,315.0,317.0
296.0,332.0,331.0,320.0,314.0,315.0,314.0,309.0
312.0,332.0,320.0,314.0,315.0,314.0,317.0,300.0
321.0,331.0,314.0,315.0,314.0,317.0,309.0,288.0
332.0,320.0,315.0,314.0,317.0,309.0,300.0,274.0
332.0,314.0,314.0,317.0,309.0,300.0,288.0,251.0
331.0,315.0,317.0,309.0,300.0,288.0,274.0,232.0
320.0,314.0,309.0,300.0,288.0,274.0,251.0,223.0
314.0,317.0,300.0,288.0,274.0,251.0,232.0,216.0
315.0,309.0,288.0,274.0,251.0,232.0,223.0,203.0
314.0,300.0,274.0,251.0,232.0,223.0,216.0,202.0
309.0,274.0,232.0,223.0,216.0,203.0,202.0,192.0
300.0,251.0,223.0,216.0,203.0,202.0,196.0,177.0
288.0,232.0,216.0,203.0,202.0,196.0,192.0,172.0
251.0,216.0,202.0,196.0,192.0,177.0,172.0,170.0
232.0,203.0,196.0,192.0,177.0,172.0,171.0,168.0
223.0,202.0,192.0,177.0,172.0,171.0,170.0,161.0
203.0,192.0,172.0,171.0,170.0,168.0,161.0,160.0
187.0,188.0,186.0,185.0,180.0,178.0,178.0,181.0
186.0,186.0,180.0,178.0,178.0,178.0,181.0,177.0
188.0,185.0,178.0,178.0,178.0,181.0,179.0,175.0
191.0,180.0,178.0,178.0,181.0,179.0,177.0,174.0
186.0,178.0,178.0,181.0,179.0,177.0,175.0,174.0
185.0,178.0,181.0,179.0,177.0,175.0,174.0,177.0
178.0,181.0,177.0,175.0,174.0,174.0,177.0,174.0
178.0,179.0,175.0,174.0,174.0,177.0,177.0,179.0
181.0,175.0,174.0,177.0,177.0,174.0,179.0,179.0
179.0,174.0,177.0,177.0,174.0,179.0,179.0,182.0
175.0,177.0,174.0,179.0,179.0,179.0,182.0,181.0
174.0,177.0,179.0,179.0,179.0,182.0,181.0,184.0
174.0,174.0,179.0,179.0,182.0,181.0,181.0,189.0
177.0,179.0,179.0,182.0,181.0,181.0,184.0,195.0
174.0,179.0,181.0,181.0,184.0,189.0,195.0,202.0
179.0,181.0,184.5,189.6,195.0909090909091,196.0,202.2,213.0
181.9,184.5,195.0909090909091,196.0,202.2,204.8181818181818,213.0,215.0
181.0,189.6,196.0,202.2,204.8181818181818,213.0,218.63636363636363,218.0
304.0,297.0,285.0,285.0,286.0,288.0,289.0,293.0
300.0,288.0,285.0,286.0,288.0,289.0,290.0,286.0
301.0,285.0,286.0,288.0,289.0,290.0,293.0,280.0
288.0,286.0,289.0,290.0,293.0,286.0,280.0,270.0
285.0,288.0,290.0,293.0,286.0,280.0,273.0,261.0
286.0,290.0,286.0,280.0,273.0,270.0,261.0,243.0
289.0,286.0,273.0,270.0,261.0,252.0,243.0,242.0
290.0,280.0,270.0,261.0,252.0,243.0,243.0,240.0
293.0,273.0,261.0,252.0,243.0,243.0,242.0,240.0
286.0,270.0,252.0,243.0,243.0,242.0,240.0,237.0
280.0,261.0,243.0,243.0,242.0,240.0,240.0,239.0
273.0,252.0,243.0,242.0,240.0,240.0,237.0,247.0
270.0,243.0,242.0,240.0,240.0,237.0,239.0,250.0
261.0,243.0,240.0,240.0,237.0,239.0,247.0,251.0
252.0,242.0,240.0,237.0,239.0,247.0,250.0,251.0
243.0,240.0,237.0,239.0,247.0,250.0,251.0,253.0
242.0,237.0,247.0,250.0,251.0,251.0,253.0,262.0
240.0,239.0,250.0,251.0,251.0,253.0,256.0,264.0
240.0,247.0,251.0,251.0,253.0,256.0,262.0,264.0
237.0,250.0,251.0,253.0,256.0,262.0,264.0,269.0
239.0,251.0,253.0,256.0,262.0,264.0,264.0,271.0
247.0,251.0,256.0,262.0,264.0,264.0,269.0,273.0
251.0,262.0,264.0,269.0,271.0,273.0,271.0,275.0
253.0,264.0,269.0,271.0,273.0,271.0,270.0,275.0
256.0,264.0,271.0,273.0,271.0,270.0,275.0,272.0
262.0,269.0,273.0,271.0,270.0,275.0,275.0,277.0
264.0,271.0,271.0,270.0,275.0,275.0,272.0,278.0
264.0,273.0,270.0,275.0,275.0,272.0,277.0,279.0
281.0,292.0,276.0,264.0,251.0,239.0,238.0,241.0
280.0,251.0,238.0,237.0,241.0,244.0,242.0,238.0
276.0,239.0,237.0,241.0,244.0,242.0,241.0,237.0
251.0,237.0,244.0,242.0,241.0,238.0,237.0,233.0
239.0,241.0,242.0,241.0,238.0,237.0,236.0,228.0
238.0,244.0,241.0,238.0,237.0,236.0,233.0,224.0
237.0,242.0,238.0,237.0,236.0,233.0,228.0,224.0
241.0,241.0,237.0,236.0,233.0,228.0,224.0,221.0
244.0,238.0,236.0,233.0,228.0,224.0,224.0,223.0
242.0,237.0,233.0,228.0,224.0,224.0,221.0,233.0
241.0,236.0,228.0,224.0,224.0,221.0,223.0,237.0
238.0,233.0,224.0,224.0,221.0,223.0,233.0,240.0
237.0,228.0,224.0,221.0,223.0,233.0,237.0,240.0
233.0,224.0,223.0,233.0,237.0,240.0,240.0,235.0
228.0,221.0,233.0,237.0,240.0,240.0,241.0,232.0
224.0,223.0,237.0,240.0,240.0,241.0,235.0,228.0
221.0,237.0,240.0,241.0,235.0,232.0,228.0,228.0
223.0,240.0,241.0,235.0,232.0,228.0,229.0,225.0
237.0,241.0,232.0,228.0,229.0,228.0,225.0,224.0
240.0,232.0,229.0,228.0,225.0,224.0,224.0,230.0
241.0,228.0,228.0,225.0,224.0,224.0,225.0,234.0
228.0,225.0,224.0,225.0,230.0,234.0,238.0,236.0
228.0,224.0,230.0,234.0,238.0,236.0,236.0,241.0
225.0,225.0,234.0,238.0,236.0,236.0,239.0,247.0
166.0,160.0,136.0,135.0,146.0,141.0,138.0,130.0
164.0,136.0,146.0,141.0,138.0,130.0,130.0,123.0
161.0,146.0,138.0,130.0,130.0,128.0,123.0,121.0
135.0,138.0,130.0,128.0,123.0,121.0,121.0,127.0
141.0,130.0,123.0,121.0,121.0,121.0,127.0,132.0
138.0,128.0,121.0,121.0,121.0,127.0,131.0,133.0
130.0,123.0,121.0,121.0,127.0,131.0,132.0,135.0
130.0,121.0,121.0,127.0,131.0,132.0,133.0,138.0
128.0,121.0,127.0,131.0,132.0,133.0,135.0,139.0
123.0,121.0,131.0,132.0,133.0,135.0,138.0,138.0
121.0,127.0,132.0,133.0,135.0,138.0,139.0,141.0
121.0,131.0,133.0,135.0,138.0,139.0,138.0,149.0
121.0,132.0,135.0,138.0,139.0,138.0,141.0,145.0
127.0,133.0,138.0,139.0,138.0,141.0,149.0,139.0
132.0,138.0,138.0,141.0,149.0,145.0,139.0,136.0
133.0,139.0,141.0,149.0,145.0,139.0,138.0,145.0
135.0,138.0,149.0,145.0,139.0,138.0,136.0,149.0
138.0,141.0,145.0,139.0,138.0,136.0,145.0,150.0
139.0,149.0,139.0,138.0,136.0,145.0,149.0,153.0
138.0,145.0,138.0,136.0,145.0,149.0,150.0,153.0
141.0,139.0,136.0,145.0,149.0,150.0,153.0,159.0
149.0,138.0,145.0,149.0,150.0,153.0,153.0,157.0
145.0,136.0,149.0,150.0,153.0,153.0,159.0,154.0
138.0,149.0,153.0,153.0,159.0,157.0,154.0,164.0
136.0,150.0,153.0,159.0,157.0,154.0,163.0,165.0
145.0,153.0,159.0,157.0,154.0,163.0,164.0,170.0
149.0,153.0,157.0,154.0,163.0,164.0,165.0,179.0
150.0,159.0,154.0,163.0,164.0,165.0,170.0,183.0
153.0,154.0,164.0,165.0,170.0,179.0,183.0,192.0
116.0,134.0,140.0,141.0,140.0,138.0,137.0,147.0
117.0,135.0,141.0,140.0,138.0,137.0,144.0,147.0
132.0,140.0,140.0,138.0,137.0,144.0,147.0,140.0
134.0,141.0,138.0,137.0,144.0,147.0,147.0,129.0
135.0,140.0,137.0,144.0,147.0,147.0,140.0,124.0
140.0,138.0,144.0,147.0,147.0,140.0,129.0,125.0
141.0,137.0,147.0,147.0,140.0,129.0,124.0,112.0
140.0,144.0,147.0,140.0,129.0,124.0,125.0,129.0
138.0,147.0,140.0,129.0,124.0,125.0,112.0,137.0
137.0,147.0,129.0,124.0,125.0,112.0,129.0,146.0
144.0,140.0,124.0,125.0,112.0,129.0,137.0,153.0
147.0,124.0,112.0,129.0,137.0,146.0,153.0,159.0
140.0,125.0,129.0,137.0,146.0,153.0,157.0,162.0
129.0,112.0,137.0,146.0,153.0,157.0,159.0,164.0
124.0,129.0,146.0,153.0,157.0,159.0,162.0,165.0
125.0,137.0,153.0,157.0,159.0,162.0,164.0,173.0
112.0,146.0,157.0,159.0,162.0,164.0,165.0,180.0
137.0,157.0,162.0,164.0,165.0,173.0,180.0,180.0
146.0,159.0,164.0,165.0,173.0,180.0,180.0,182.0
153.0,162.0,165.0,173.0,180.0,180.0,180.0,184.0
157.0,164.0,173.0,180.0,180.0,180.0,182.0,184.0
159.0,165.0,180.0,180.0,180.0,182.0,184.0,177.0
162.2,173.7,180.0,180.2,182.2,184.0,183.3,165.0
164.0,180.0,180.0,182.0,184.0,184.0,177.0,159.0
182.2,175.9090909090909,158.2,150.27272727272728,143.0,145.8,134.8,131.0
183.3,158.2,143.0,145.8,134.8,132.8181818181818,131.0,131.0
175.9090909090909,150.27272727272728,145.8,134.8,132.8181818181818,131.0,131.0,132.0
165.0,143.0,134.8,132.8181818181818,131.0,131.0,131.0,139.0
180.0,154.0,150.0,157.0,173.0,188.0,196.0,199.0
170.0,154.0,157.0,173.0,188.0,196.0,199.0,200.0
155.0,150.0,173.0,188.0,196.0,199.0,199.0,199.0
154.0,157.0,188.0,196.0,199.0,199.0,200.0,199.0
154.0,173.0,196.0,199.0,199.0,200.0,199.0,200.0
150.0,188.0,199.0,199.0,200.0,199.0,199.0,201.0
157.0,196.0,199.0,200.0,199.0,199.0,200.0,200.0
188.0,199.0,199.0,199.0,200.0,201.0,200.0,193.0
196.0,200.0,199.0,200.0,201.0,200.0,198.0,191.0
199.0,199.0,200.0,201.0,200.0,198.0,193.0,190.0
199.0,199.0,201.0,200.0,198.0,193.0,191.0,189.0
200.0,200.0,200.0,198.0,193.0,191.0,190.0,189.0
199.0,201.0,198.0,193.0,191.0,190.0,189.0,187.0
201.0,193.0,190.0,189.0,189.0,187.0,186.0,181.0
200.0,191.0,189.0,189.0,187.0,186.0,183.0,178.0
198.0,190.0,189.0,187.0,186.0,183.0,181.0,172.0
193.0,189.0,187.0,186.0,183.0,181.0,178.0,170.0
191.0,189.0,186.0,183.0,181.0,178.0,172.0,168.0
189.0,186.0,181.0,178.0,172.0,170.0,168.0,146.0
189.0,183.0,178.0,172.0,170.0,168.0,154.0,140.0
187.0,181.0,172.0,170.0,168.0,154.0,146.0,132.0
186.0,178.0,170.0,168.0,154.0,146.0,140.0,124.0
183.0,172.0,168.0,154.0,146.0,140.0,132.0,118.0
181.0,170.0,154.0,146.0,140.0,132.0,124.0,116.0
178.0,168.0,146.0,140.0,132.0,124.0,118.0,113.0
172.0,154.0,140.0,132.0,124.0,118.0,116.0,113.0
168.0,140.0,124.0,118.0,116.0,113.0,113.0,106.0
154.0,132.0,118.0,116.0,113.0,113.0,112.0,107.0
146.0,124.0,116.0,113.0,113.0,112.0,106.0,108.0
132.0,116.0,113.0,112.0,106.0,107.0,108.0,113.0
267.0,214.0,175.0,150.0,141.0,133.0,132.0,141.0
235.8181818181818,175.0,141.0,133.0,132.0,138.0,141.0,136.0
214.0,150.0,133.0,132.0,138.0,141.0,140.0,135.0
195.0,141.0,132.0,138.0,141.0,140.0,136.0,137.0
175.0,133.0,138.0,141.0,140.0,136.0,135.0,139.0
150.0,132.0,141.0,140.0,136.0,135.0,137.0,137.0
141.0,138.0,140.0,136.0,135.0,137.0,139.0,144.0
133.0,141.0,136.0,135.0,137.0,139.0,137.0,151.0
132.0,140.0,135.0,137.0,139.0,137.0,144.0,156.0
141.0,135.0,139.0,137.0,144.0,151.0,156.0,180.0
140.0,137.0,137.0,144.0,151.0,156.0,162.0,183.0
137.0,144.0,156.0,162.0,180.0,183.0,184.0,184.0
139.0,151.0,162.0,180.0,183.0,184.0,184.0,189.0
137.0,156.0,180.0,183.0,184.0,184.0,184.0,190.0
151.0,180.0,184.0,184.0,184.0,189.0,190.0,188.0
156.0,183.0,184.0,184.0,189.0,190.0,191.0,189.0
162.0,184.0,184.0,189.0,190.0,191.0,188.0,189.0
180.0,184.0,189.0,190.0,191.0,188.0,189.0,188.0
183.0,184.0,190.0,191.0,188.0,189.0,189.0,187.0
184.0,189.0,191.0,188.0,189.0,189.0,188.0,186.0
184.0,191.0,189.0,189.0,188.0,187.0,186.0,188.0
189.0,188.0,189.0,188.0,187.0,186.0,188.0,193.0
190.0,189.0,188.0,187.0,186.0,188.0,188.0,195.0
188.0,188.0,186.0,188.0,188.0,193.0,195.0,199.0
189.0,187.0,188.0,188.0,193.0,195.0,197.0,214.0
188.0,188.0,193.0,195.0,197.0,199.0,214.0,212.0
298.0,279.0,264.0,260.0,259.0,258.0,260.0,241.0
287.0,270.0,260.0,259.0,258.0,260.0,248.0,231.0
280.0,264.0,259.0,258.0,260.0,248.0,241.0,233.0
279.0,260.0,258.0,260.0,248.0,241.0,231.0,234.0
270.0,259.0,260.0,248.0,241.0,231.0,233.0,224.0
264.0,258.0,248.0,241.0,231.0,233.0,234.0,212.0
260.0,260.0,241.0,231.0,233.0,234.0,224.0,195.0
259.0,248.0,231.0,233.0,234.0,224.0,212.0,196.0
258.0,241.0,233.0,234.0,224.0,212.0,195.0,180.0
260.0,231.0,234.0,224.0,212.0,195.0,196.0,168.0
248.0,233.0,224.0,212.0,195.0,196.0,180.0,161.0
241.0,234.0,212.0,195.0,196.0,180.0,168.0,161.0
231.0,224.0,195.0,196.0,180.0,168.0,161.0,161.0
233.0,212.0,196.0,180.0,168.0,161.0,161.0,153.0
234.0,195.0,180.0,168.0,161.0,161.0,161.0,146.0
224.0,196.0,168.0,161.0,161.0,161.0,153.0,137.0
212.0,180.0,161.0,161.0,161.0,153.0,146.0,132.0
195.0,168.0,161.0,161.0,153.0,146.0,137.0,130.0
168.0,161.0,146.0,137.0,132.0,130.0,133.0,136.0
161.0,146.0,132.0,130.0,133.0,135.0,136.0,133.0
161.0,137.0,130.0,133.0,135.0,136.0,134.0,133.0
153.0,132.0,133.0,135.0,136.0,134.0,133.0,138.0
146.0,130.0,135.0,136.0,134.0,133.0,133.0,142.0
137.0,133.0,136.0,134.0,133.0,133.0,138.0,148.0
130.0,136.0,133.0,133.0,138.0,142.0,148.0,158.0
133.0,134.0,133.0,138.0,142.0,148.0,154.0,161.0
135.0,133.0,138.0,142.0,148.0,154.0,158.0,163.0
134.0,138.0,148.0,154.0,158.0,161.0,163.0,165.0
133.0,142.0,154.0,158.0,161.0,163.0,167.0,151.0
133.0,148.0,158.0,161.0,163.0,167.0,165.0,145.0
145.0,169.0,152.0,153.0,115.0,93.0,147.0,156.0
150.0,154.0,153.0,115.0,93.0,147.0,156.0,157.0
157.0,152.0,115.0,93.0,147.0,156.0,156.0,170.0
169.0,153.0,93.0,147.0,156.0,156.0,157.0,187.0
154.0,115.0,147.0,156.0,156.0,157.0,170.0,198.0
152.0,93.0,156.0,156.0,157.0,170.0,187.0,205.0
115.0,156.0,157.0,170.0,187.0,198.0,205.0,212.0
93.0,156.0,170.0,187.0,198.0,205.0,213.0,218.0
156.0,187.0,205.0,213.0,212.0,218.0,220.0,233.0
187.0,213.0,218.0,220.0,227.0,233.0,239.0,250.0
198.0,212.0,220.0,227.0,233.0,239.0,247.0,262.0
205.0,218.0,227.0,233.0,239.0,247.0,250.0,281.0
213.0,220.0,233.0,239.0,247.0,250.0,262.0,286.0
212.0,227.0,239.0,247.0,250.0,262.0,281.0,286.0
218.0,233.0,247.0,250.0,262.0,281.0,286.0,276.0
220.0,239.0,250.0,262.0,281.0,286.0,286.0,274.0
227.0,247.0,262.0,281.0,286.0,286.0,276.0,280.0
239.0,262.0,286.0,286.0,276.0,274.0,280.0,273.0
247.0,281.0,286.0,276.0,274.0,280.0,280.0,268.0
250.0,286.0,276.0,274.0,280.0,280.0,273.0,239.0
262.0,286.0,274.0,280.0,280.0,273.0,268.0,275.0
286.0,274.0,280.0,273.0,268.0,239.0,275.0,280.0
286.0,280.0,273.0,268.0,239.0,275.0,276.0,273.0
280.0,268.0,275.0,276.0,280.0,273.0,273.0,272.0
273.0,275.0,280.0,273.0,273.0,273.0,272.0,274.0
268.0,276.0,273.0,273.0,273.0,272.0,271.0,275.0
246.0,239.0,185.0,173.0,170.0,167.0,192.0,180.0
243.0,241.0,173.0,170.0,167.0,192.0,187.0,181.0
243.0,185.0,170.0,167.0,192.0,187.0,180.0,181.0
239.0,173.0,167.0,192.0,187.0,180.0,181.0,174.0
241.0,170.0,192.0,187.0,180.0,181.0,181.0,170.0
185.0,167.0,187.0,180.0,181.0,181.0,174.0,168.0
173.0,192.0,180.0,181.0,181.0,174.0,170.0,168.0
170.0,187.0,181.0,181.0,174.0,170.0,168.0,170.0
167.0,180.0,181.0,174.0,170.0,168.0,168.0,171.0
192.0,181.0,174.0,170.0,168.0,168.0,170.0,165.0
187.0,181.0,170.0,168.0,168.0,170.0,171.0,173.0
180.0,174.0,168.0,168.0,170.0,171.0,165.0,177.0
181.0,170.0,168.0,170.0,171.0,165.0,173.0,169.0
170.0,170.0,165.0,173.0,177.0,169.0,164.0,147.0
168.0,171.0,173.0,177.0,169.0,164.0,150.0,147.0
168.0,165.0,177.0,169.0,164.0,150.0,147.0,148.0
170.0,173.0,169.0,164.0,150.0,147.0,147.0,151.0
173.0,164.0,147.0,147.0,148.0,151.0,166.0,182.0
177.0,150.0,147.0,148.0,151.0,166.0,178.0,183.0
169.0,147.0,148.0,151.0,166.0,178.0,182.0,182.0
164.0,147.0,151.0,166.0,178.0,182.0,183.0,192.0
147.0,151.0,178.0,182.0,183.0,182.0,192.0,198.0
147.0,166.0,182.0,183.0,182.0,192.0,180.0,209.0
148.0,178.0,183.0,182.0,192.0,180.0,198.0,211.0
166.0,183.0,192.0,180.0,198.0,209.0,211.0,212.0
178.0,182.0,180.0,198.0,209.0,211.0,214.0,211.0
182.0,192.0,198.0,209.0,211.0,214.0,212.0,215.0
183.0,180.0,209.0,211.0,214.0,212.0,211.0,218.0
182.0,198.0,211.0,214.0,212.0,211.0,215.0,225.0
192.0,209.0,214.0,212.0,211.0,215.0,218.0,233.0
219.0,255.0,269.0,265.0,268.0,268.0,274.0,283.0
248.0,269.0,268.0,268.0,274.0,282.0,283.0,281.0
256.0,268.0,274.0,282.0,283.0,284.0,281.0,288.0
265.0,274.0,283.0,284.0,281.0,285.0,288.0,293.0
268.0,282.0,284.0,281.0,285.0,288.0,288.0,297.0
268.0,283.0,281.0,285.0,288.0,288.0,293.0,294.0
282.0,281.0,288.0,288.0,293.0,297.0,294.0,281.0
283.0,285.0,288.0,293.0,297.0,294.0,287.0,277.0
284.0,288.0,293.0,297.0,294.0,287.0,281.0,271.0
281.0,288.0,297.0,294.0,287.0,281.0,277.0,263.0
285.0,293.0,294.0,287.0,281.0,277.0,271.0,262.0
288.0,297.0,287.0,281.0,277.0,271.0,263.0,255.0
288.0,294.0,281.0,277.0,271.0,263.0,262.0,255.0
293.0,287.0,277.0,271.0,263.0,262.0,255.0,254.0
297.0,281.0,271.0,263.0,262.0,255.0,255.0,256.0
294.0,277.0,263.0,262.0,255.0,255.0,254.0,261.0
287.0,271.0,262.0,255.0,255.0,254.0,256.0,257.0
281.0,263.0,255.0,255.0,254.0,256.0,261.0,248.0
271.0,255.0,254.0,256.0,261.0,257.0,248.0,248.0
263.0,255.0,256.0,261.0,257.0,248.0,248.0,248.0
262.0,254.0,261.0,257.0,248.0,248.0,248.0,246.0
255.0,256.0,257.0,248.0,248.0,248.0,248.0,244.0
255.0,261.0,248.0,248.0,248.0,248.0,246.0,241.0
254.0,257.0,248.0,248.0,248.0,246.0,244.0,239.0
256.0,248.0,248.0,248.0,246.0,244.0,241.0,242.0
257.0,248.0,246.0,244.0,241.0,239.0,242.0,231.0
248.0,248.0,244.0,241.0,239.0,242.0,233.0,231.0
248.0,246.0,241.0,239.0,242.0,233.0,231.0,231.0
248.0,241.0,242.0,233.0,231.0,231.0,231.0,245.0
122.2,159.8,165.6,169.3,151.3,125.8,116.0,129.0
123.0,165.6,151.3,125.8,116.0,125.36363636363636,129.0,121.0
159.8,169.3,125.8,116.0,125.36363636363636,129.0,126.0,108.0
169.3,116.0,129.0,126.0,121.0,108.0,100.0,102.0
154.0,125.0,126.3,121.5,109.3,100.8,107.0,96.0
125.8,129.0,121.0,108.0,100.0,106.54545454545455,102.0,92.0
116.0,126.0,108.0,100.0,106.54545454545455,102.0,95.63636363636364,90.0
129.0,108.0,106.54545454545455,102.0,95.63636363636364,92.0,90.0,87.0
126.0,100.0,102.0,95.63636363636364,92.0,90.0,88.0,112.0
121.0,106.54545454545455,95.63636363636364,92.0,90.0,88.0,87.0,116.0
112.0,121.0,108.0,108.0,77.0,86.0,96.0,98.0
119.0,77.0,96.0,98.0,98.0,105.0,107.0,112.0
108.0,86.0,98.0,98.0,105.0,107.0,109.0,103.0
108.0,96.0,98.0,105.0,107.0,109.0,112.0,103.0
77.0,98.0,105.0,107.0,109.0,112.0,103.0,122.0
86.0,98.0,107.0,109.0,112.0,103.0,103.0,125.0
96.0,105.0,109.0,112.0,103.0,103.0,122.0,131.0
98.0,107.0,112.0,103.0,103.0,122.0,125.0,131.0
98.0,109.0,103.0,103.0,122.0,125.0,131.0,134.0
241.0,274.0,286.0,280.0,270.0,267.0,238.0,215.0
271.0,286.0,270.0,267.0,238.0,240.0,215.0,266.0
274.0,280.0,267.0,238.0,240.0,215.0,254.0,267.0
286.0,267.0,240.0,215.0,254.0,266.0,267.0,266.0
280.0,238.0,215.0,254.0,266.0,267.0,271.0,263.0
238.0,254.0,267.0,271.0,266.0,263.0,267.0,243.0
240.0,266.0,271.0,266.0,263.0,267.0,255.0,242.0
215.0,267.0,266.0,263.0,267.0,255.0,243.0,243.0
254.0,271.0,263.0,267.0,255.0,243.0,242.0,245.0
266.0,266.0,267.0,255.0,243.0,242.0,243.0,270.0
267.0,263.0,255.0,243.0,242.0,243.0,245.0,271.0
271.0,267.0,243.0,242.0,243.0,245.0,270.0,260.0
266.0,255.0,242.0,243.0,245.0,270.0,271.0,264.0
263.0,243.0,243.0,245.0,270.0,271.0,260.0,249.0
267.0,242.0,245.0,270.0,271.0,260.0,264.0,241.0
255.0,243.0,270.0,271.0,260.0,264.0,249.0,243.0
243.0,245.0,271.0,260.0,264.0,249.0,241.0,243.0
245.0,260.0,249.0,241.0,243.0,243.0,225.0,224.0
271.0,249.0,243.0,243.0,225.0,220.0,224.0,199.0
260.0,241.0,243.0,225.0,220.0,224.0,198.0,212.0
264.0,243.0,225.0,220.0,224.0,198.0,199.0,201.0
249.0,243.0,220.0,224.0,198.0,199.0,212.0,200.0
243.0,220.0,198.0,199.0,212.0,201.0,200.0,192.0
225.0,198.0,212.0,201.0,200.0,197.0,192.0,186.0
220.0,199.0,201.0,200.0,197.0,192.0,188.0,190.0
198.0,201.0,197.0,192.0,188.0,186.0,190.0,187.0
297.0,277.0,261.0,243.0,224.0,225.0,228.0,223.0
291.0,272.0,243.0,224.0,225.0,228.0,236.0,219.0
286.0,261.0,224.0,225.0,228.0,236.0,223.0,213.0
272.0,224.0,228.0,236.0,223.0,219.0,213.0,194.0
243.0,228.0,223.0,219.0,213.0,203.0,194.0,175.0
225.0,223.0,213.0,203.0,194.0,185.0,175.0,158.0
228.0,219.0,203.0,194.0,185.0,175.0,169.0,154.0
236.0,213.0,194.0,185.0,175.0,169.0,158.0,153.0
223.0,203.0,185.0,175.0,169.0,158.0,154.0,150.0
219.0,194.0,175.0,169.0,158.0,154.0,153.0,148.0
213.0,185.0,169.0,158.0,154.0,153.0,150.0,145.0
203.0,175.0,158.0,154.0,153.0,150.0,148.0,144.0
194.0,169.0,154.0,153.0,150.0,148.0,145.0,142.0
175.0,154.0,150.0,148.0,145.0,144.0,142.0,137.0
158.0,150.0,145.0,144.0,142.0,140.0,137.0,125.0
153.0,145.0,142.0,140.0,137.0,129.0,125.0,123.0
150.0,144.0,140.0,137.0,129.0,125.0,124.0,121.0
148.0,142.0,137.0,129.0,125.0,124.0,123.0,121.0
145.0,140.0,129.0,125.0,124.0,123.0,121.0,115.0
144.0,137.0,125.0,124.0,123.0,121.0,121.0,119.0
142.0,129.0,124.0,123.0,121.0,121.0,115.0,119.0
140.0,125.0,123.0,121.0,121.0,115.0,119.0,117.0
137.0,124.0,121.0,121.0,115.0,119.0,119.0,117.0
129.0,123.0,121.0,115.0,119.0,119.0,117.0,121.0
121.0,119.0,117.0,117.0,121.0,128.0,128.0,142.0
121.0,119.0,117.0,121.0,128.0,128.0,137.0,146.0
115.0,117.0,121.0,128.0,128.0,137.0,142.0,157.0
117.0,115.0,107.0,104.0,101.0,94.0,85.0,77.0
117.0,107.0,101.0,94.0,85.0,81.0,77.0,75.0
110.0,101.0,85.0,81.0,77.0,72.0,75.0,102.0
107.0,94.0,81.0,77.0,72.0,75.0,91.0,105.0
101.0,81.0,72.0,75.0,91.0,102.0,105.0,102.0
94.0,77.0,75.0,91.0,102.0,105.0,105.0,99.0
85.0,72.0,91.0,102.0,105.0,105.0,102.0,96.0
72.0,102.0,105.0,102.0,99.0,96.0,96.0,102.0
75.0,105.0,102.0,99.0,96.0,96.0,98.0,106.0
102.0,102.0,96.0,96.0,98.0,102.0,106.0,109.0
105.0,99.0,96.0,98.0,102.0,106.0,107.0,111.0
105.0,96.0,98.0,102.0,106.0,107.0,109.0,113.0
102.0,96.0,102.0,106.0,107.0,109.0,111.0,113.0
99.0,98.0,106.0,107.0,109.0,111.0,113.0,116.0
96.0,102.0,107.0,109.0,111.0,113.0,113.0,120.0
96.0,106.0,109.0,111.0,113.0,113.0,116.0,121.0
98.0,107.0,111.0,113.0,113.0,116.0,120.0,121.0
102.0,109.0,113.0,113.0,116.0,120.0,121.0,126.0
107.0,113.0,116.0,120.0,121.0,121.0,126.0,139.0
109.0,113.0,120.0,121.0,121.0,126.0,126.0,141.0
111.0,116.0,121.0,121.0,126.0,126.0,139.0,138.0
113.0,120.0,121.0,126.0,126.0,139.0,141.0,142.0
113.0,121.0,126.0,126.0,139.0,141.0,138.0,151.0
116.0,121.0,126.0,139.0,141.0,138.0,142.0,153.0
121.0,127.3,140.7,138.4,142.9,151.2,153.4,155.0
121.0,139.0,138.0,142.0,151.0,153.0,157.0,155.0
111.6,81.0,62.81818181818182,71.0,91.0,104.0,103.0,99.0
71.0,91.0,103.0,100.0,99.0,99.0,102.0,107.0
104.0,115.0,114.0,123.0,129.0,131.0,131.0,111.0
115.0,123.0,131.0,131.0,130.0,111.0,126.0,138.0
118.0,129.0,131.0,130.0,111.0,126.0,132.0,139.0
114.0,131.0,130.0,111.0,126.0,132.0,138.0,142.0
131.0,111.0,132.0,138.0,139.0,142.0,147.0,165.0
131.0,126.0,138.0,139.0,142.0,147.0,157.0,156.0
130.0,132.0,139.0,142.0,147.0,157.0,165.0,159.0
111.0,138.0,142.0,147.0,157.0,165.0,156.0,163.0
126.0,139.0,147.0,157.0,165.0,156.0,159.0,160.0
132.0,142.0,157.0,165.0,156.0,159.0,163.0,169.0
138.0,147.0,165.0,156.0,159.0,163.0,160.0,168.0
139.0,157.0,156.0,159.0,163.0,160.0,169.0,166.0
142.0,165.0,159.0,163.0,160.0,169.0,168.0,165.0
153.0,161.0,166.0,166.0,164.0,165.0,166.0,164.0
158.0,165.0,166.0,164.0,165.0,166.0,165.0,162.0
159.0,166.0,164.0,165.0,166.0,165.0,164.0,160.0
161.0,166.0,165.0,166.0,165.0,164.0,162.0,158.0
165.0,164.0,166.0,165.0,164.0,162.0,160.0,155.0
166.0,165.0,165.0,164.0,162.0,160.0,158.0,152.0
164.0,165.0,162.0,160.0,158.0,155.0,152.0,146.0
165.0,160.0,155.0,152.0,148.0,146.0,141.0,141.0
160.0,152.0,146.0,141.0,140.0,141.0,141.0,141.0
158.0,148.0,141.0,140.0,141.0,141.0,141.0,143.0
155.0,146.0,140.0,141.0,141.0,141.0,141.0,142.0
152.0,141.0,141.0,141.0,141.0,141.0,143.0,137.0
148.0,140.0,141.0,141.0,141.0,143.0,142.0,134.0
140.0,141.0,143.0,142.0,137.0,134.0,133.0,128.0
141.0,141.0,142.0,137.0,134.0,133.0,131.0,126.0
141.0,143.0,137.0,134.0,133.0,131.0,128.0,123.0
141.0,142.0,134.0,133.0,131.0,128.0,126.0,120.0
141.0,137.0,133.0,131.0,128.0,126.0,123.0,118.0
143.0,134.0,131.0,128.0,126.0,123.0,120.0,117.0
142.0,133.0,128.0,126.0,123.0,120.0,118.0,113.0
137.0,131.0,126.0,123.0,120.0,118.0,117.0,111.0
134.0,128.0,123.0,120.0,118.0,117.0,113.0,105.0
133.0,126.0,120.0,118.0,117.0,113.0,111.0,102.0
131.0,123.0,118.0,117.0,113.0,111.0,105.0,101.0
128.0,120.0,117.0,113.0,111.0,105.0,102.0,102.0
126.0,118.0,113.0,111.0,105.0,102.0,101.0,102.0
123.0,117.0,111.0,105.0,102.0,101.0,102.0,103.0
120.0,113.0,105.0,102.0,101.0,102.0,102.0,105.0
118.0,111.0,102.0,101.0,102.0,102.0,103.0,108.0
172.0,155.0,145.0,140.0,115.0,121.0,121.0,120.0
168.0,149.0,140.0,115.0,121.0,121.0,118.0,120.0
161.0,145.0,115.0,121.0,121.0,118.0,120.0,120.0
145.0,121.0,118.0,120.0,120.0,120.0,121.0,123.0
140.0,121.0,120.0,120.0,120.0,121.0,122.0,121.0
115.0,118.0,120.0,120.0,121.0,122.0,123.0,112.0
121.0,120.0,121.0,122.0,123.0,121.0,112.0,111.0
118.0,120.0,122.0,123.0,121.0,112.0,110.0,113.0
120.0,121.0,123.0,121.0,112.0,110.0,111.0,116.0
120.0,123.0,112.0,110.0,111.0,113.0,116.0,125.0
121.0,121.0,110.0,111.0,113.0,116.0,123.0,125.0
122.0,112.0,111.0,113.0,116.0,123.0,125.0,123.0
123.0,110.0,113.0,116.0,123.0,125.0,125.0,124.0
121.0,111.0,116.0,123.0,125.0,125.0,123.0,124.0
112.0,113.0,123.0,125.0,125.0,123.0,124.0,129.0
110.0,116.0,125.0,125.0,123.0,124.0,124.0,128.0
113.0,125.0,123.0,124.0,124.0,129.0,128.0,139.0
116.0,125.0,124.0,124.0,129.0,128.0,132.0,144.0
123.0,123.0,124.0,129.0,128.0,132.0,139.0,147.0
125.0,124.0,129.0,128.0,132.0,139.0,144.0,147.0
125.0,124.0,128.0,132.0,139.0,144.0,147.0,150.0
123.0,129.0,132.0,139.0,144.0,147.0,147.0,152.0
124.0,128.0,139.0,144.0,147.0,147.0,150.0,156.0
124.0,132.0,144.0,147.0,147.0,150.0,152.0,161.0
129.0,139.0,147.0,147.0,150.0,152.0,156.0,165.0
150.0,159.0,166.0,164.0,166.0,157.0,152.0,147.0
151.0,161.0,164.0,166.0,157.0,152.0,148.0,145.0
155.0,166.0,166.0,157.0,152.0,148.0,147.0,150.0
161.0,166.0,152.0,148.0,147.0,145.0,150.0,138.0
164.0,152.0,147.0,145.0,150.0,151.0,138.0,129.0
157.0,147.0,150.0,151.0,138.0,132.0,129.0,129.0
148.0,150.0,138.0,132.0,129.0,129.0,129.0,144.0
147.0,151.0,132.0,129.0,129.0,129.0,137.0,146.0
145.0,138.0,129.0,129.0,129.0,137.0,144.0,150.0
150.0,132.0,129.0,129.0,137.0,144.0,146.0,150.0
151.0,129.0,129.0,137.0,144.0,146.0,150.0,148.0
138.0,129.0,137.0,144.0,146.0,150.0,150.0,148.0
132.0,129.0,144.0,146.0,150.0,150.0,148.0,148.0
129.0,144.0,150.0,150.0,148.0,148.0,148.0,150.0
129.0,146.0,150.0,148.0,148.0,148.0,149.0,150.0
137.0,150.0,148.0,148.0,148.0,149.0,150.0,149.0
144.0,150.0,148.0,148.0,149.0,150.0,150.0,148.0
150.0,148.0,150.0,150.0,149.0,148.0,139.0,149.0
148.0,149.0,150.0,149.0,148.0,139.0,130.0,150.0
148.0,150.0,148.0,139.0,130.0,149.0,150.0,140.0
150.0,148.0,130.0,149.0,150.0,142.0,140.0,139.0
150.0,139.0,149.0,150.0,142.0,140.0,140.0,138.0
149.0,130.0,150.0,142.0,140.0,140.0,139.0,136.0
148.0,149.0,142.0,140.0,140.0,139.0,138.0,139.0
139.0,150.0,140.0,140.0,139.0,138.0,136.0,138.0
131.9,141.8,139.9,138.9,137.8,136.3,138.9,136.0
149.1,140.0,138.9,137.8,136.3,138.9,137.8181818181818,132.0
130.1818181818182,115.8,113.0,122.27272727272727,115.0,93.0,104.0,105.0
122.0,113.9090909090909,122.27272727272727,115.0,93.0,104.0,108.0,104.0
115.8,122.27272727272727,93.0,104.0,108.0,105.0,104.0,100.0
113.0,93.0,108.0,105.0,104.0,102.0,100.0,100.0
122.27272727272727,104.0,105.0,104.0,102.0,100.0,100.0,99.0
115.0,108.0,104.0,102.0,100.0,100.0,100.0,81.0
104.0,104.0,100.0,100.0,100.0,99.0,81.0,83.0
108.0,102.0,100.0,100.0,99.0,81.0,82.0,82.0
105.0,100.0,100.0,99.0,81.0,82.0,83.0,95.0
100.0,81.0,83.0,82.0,95.0,94.0,94.0,92.0
100.0,82.0,82.0,95.0,94.0,94.0,93.0,92.0
99.0,83.0,95.0,94.0,94.0,93.0,92.0,94.0
81.0,82.0,94.0,94.0,93.0,92.0,92.0,96.0
82.0,95.0,94.0,93.0,92.0,92.0,94.0,98.0
83.0,94.0,93.0,92.0,92.0,94.0,96.0,102.0
82.0,94.0,92.0,92.0,94.0,96.0,98.0,104.0
94.0,92.0,94.0,96.0,98.0,102.0,104.0,113.0
94.0,92.0,96.0,98.0,102.0,104.0,108.0,116.0
92.0,96.0,102.0,104.0,108.0,113.0,116.0,121.0
94.0,102.0,108.0,113.0,116.0,124.0,121.0,126.0
96.0,104.0,113.0,116.0,124.0,121.0,125.0,125.0
98.0,108.0,116.0,124.0,121.0,125.0,126.0,127.0
102.0,113.0,124.0,121.0,125.0,126.0,125.0,117.0
104.0,116.0,121.0,125.0,126.0,125.0,127.0,121.0
108.0,124.0,125.0,126.0,125.0,127.0,117.0,120.0
113.0,121.0,126.0,125.0,127.0,117.0,121.0,121.0
89.0,89.0,87.0,85.0,88.0,112.0,127.0,132.0
95.0,90.0,85.0,88.0,112.0,127.0,129.0,138.0
93.0,87.0,88.0,112.0,127.0,129.0,132.0,139.0
89.0,85.0,112.0,127.0,129.0,132.0,138.0,144.0
127.0,138.0,144.0,152.0,157.0,163.0,163.0,166.0
132.0,144.0,157.0,163.0,163.0,164.0,166.0,160.0
138.0,152.0,163.0,163.0,164.0,166.0,162.0,159.0
139.0,157.0,163.0,164.0,166.0,162.0,160.0,157.0
152.0,163.0,166.0,162.0,160.0,159.0,157.0,150.0
157.0,164.0,162.0,160.0,159.0,157.0,153.0,147.0
163.0,166.0,160.0,159.0,157.0,153.0,150.0,141.0
163.0,162.0,159.0,157.0,153.0,150.0,147.0,132.0
164.0,160.0,157.0,153.0,150.0,147.0,141.0,123.0
166.0,159.0,153.0,150.0,147.0,141.0,132.0,122.0
159.0,150.0,141.0,132.0,123.0,122.0,122.0,147.0
150.0,132.0,122.0,122.0,132.0,147.0,150.0,155.0
147.0,123.0,122.0,132.0,147.0,150.0,152.0,155.0
123.0,132.0,150.0,152.0,155.0,155.0,159.0,157.0
122.0,147.0,152.0,155.0,155.0,159.0,158.0,156.0
132.0,152.0,155.0,159.0,158.0,157.0,156.0,158.0
147.0,155.0,159.0,158.0,157.0,156.0,158.0,160.0
150.0,155.0,158.0,157.0,156.0,158.0,158.0,160.0
175.0,182.0,179.0,185.0,188.0,183.0,176.0,165.0
178.0,178.0,185.0,188.0,183.0,176.0,169.0,161.0
184.0,179.0,188.0,183.0,176.0,169.0,165.0,160.0
182.0,185.0,183.0,176.0,169.0,165.0,161.0,160.0
178.0,188.0,176.0,169.0,165.0,161.0,160.0,160.0
179.0,183.0,169.0,165.0,161.0,160.0,160.0,154.0
185.0,176.0,165.0,161.0,160.0,160.0,160.0,150.0
188.0,169.0,161.0,160.0,160.0,160.0,154.0,130.0
183.0,165.0,160.0,160.0,160.0,154.0,150.0,136.0
176.0,161.0,160.0,160.0,154.0,150.0,130.0,135.0
169.0,160.0,160.0,154.0,150.0,130.0,136.0,132.0
165.0,160.0,154.0,150.0,130.0,136.0,135.0,129.0
160.0,154.0,130.0,136.0,135.0,132.0,129.0,122.0
160.0,150.0,136.0,135.0,132.0,129.0,127.0,121.0
160.0,130.0,135.0,132.0,129.0,127.0,122.0,113.0
154.0,136.0,132.0,129.0,127.0,122.0,121.0,111.0
150.0,135.0,129.0,127.0,122.0,121.0,113.0,105.0
130.0,132.0,127.0,122.0,121.0,113.0,111.0,89.0
136.0,129.0,122.0,121.0,113.0,111.0,105.0,91.0
135.0,127.0,121.0,113.0,111.0,105.0,89.0,96.0
132.0,122.0,113.0,111.0,105.0,89.0,91.0,95.0
129.0,121.0,111.0,105.0,89.0,91.0,96.0,95.0
122.0,111.0,89.0,91.0,96.0,95.0,95.0,100.0
113.0,89.0,96.0,95.0,95.0,98.0,100.0,105.0
111.0,91.0,95.0,95.0,98.0,100.0,106.0,94.0
105.0,96.0,95.0,98.0,100.0,106.0,105.0,95.0
89.0,95.0,98.0,100.0,106.0,105.0,94.0,92.0
91.0,95.0,100.0,106.0,105.0,94.0,95.0,88.0
95.0,100.0,105.0,94.0,95.0,92.0,88.0,90.0
95.3,105.9,94.1,94.7,91.6,88.0909090909091,89.0,84.0
100.6,94.1,91.6,88.0909090909091,89.0,89.45454545454545,84.0,84.0
121.7,106.8,103.0,103.0,104.0,109.18181818181819,111.0,110.0
118.1,104.8,103.0,104.0,109.18181818181819,111.0,110.0,102.0
109.7,103.0,104.0,109.18181818181819,111.0,110.0,110.0,102.0
104.8,104.0,111.0,110.0,110.0,102.0,102.0,106.0
103.0,109.18181818181819,110.0,110.0,102.0,102.0,103.0,121.0
103.0,111.0,110.0,102.0,102.0,103.0,106.0,129.0
104.0,110.0,102.0,102.0,103.0,106.0,121.0,127.0
109.18181818181819,110.0,102.0,103.0,106.0,121.0,129.0,121.0
102.0,106.0,129.0,127.0,121.0,120.0,121.0,132.0
102.0,121.0,127.0,121.0,120.0,121.0,122.0,134.0
103.0,129.0,121.0,120.0,121.0,122.0,132.0,138.0
106.0,127.0,120.0,121.0,122.0,132.0,134.0,140.0
121.0,121.0,121.0,122.0,132.0,134.0,138.0,139.0
129.0,120.0,122.0,132.0,134.0,138.0,140.0,136.0
127.0,121.0,132.0,134.0,138.0,140.0,139.0,134.0
120.0,132.0,138.0,140.0,139.0,136.0,134.0,136.0
121.0,134.0,140.0,139.0,136.0,134.0,134.0,138.0
134.0,139.0,134.0,134.0,136.0,138.0,138.0,137.0
138.0,136.0,134.0,136.0,138.0,138.0,138.0,131.0
140.0,134.0,136.0,138.0,138.0,138.0,137.0,129.0
139.0,134.0,138.0,138.0,138.0,137.0,131.0,138.0
136.0,136.0,138.0,138.0,137.0,131.0,129.0,139.0
134.0,138.0,138.0,137.0,131.0,129.0,138.0,139.0
134.0,138.0,137.0,131.0,129.0,138.0,139.0,139.0
138.0,131.0,138.0,139.0,139.0,139.0,142.0,146.0
138.0,129.0,139.0,139.0,139.0,142.0,145.0,156.0
175.0,178.0,185.0,176.0,174.0,181.0,177.0,175.0
169.0,184.0,176.0,174.0,181.0,177.0,176.0,175.0
172.0,185.0,174.0,181.0,177.0,176.0,175.0,173.0
178.0,176.0,181.0,177.0,176.0,175.0,175.0,172.0
184.0,174.0,177.0,176.0,175.0,175.0,173.0,173.0
185.0,181.0,176.0,175.0,175.0,173.0,172.0,186.0
176.0,177.0,175.0,175.0,173.0,172.0,173.0,185.0
174.0,176.0,175.0,173.0,172.0,173.0,186.0,182.0
181.0,175.0,173.0,172.0,173.0,186.0,185.0,181.0
177.0,175.0,172.0,173.0,186.0,185.0,182.0,183.0
176.0,173.0,173.0,186.0,185.0,182.0,181.0,175.0
175.0,173.0,185.0,182.0,181.0,183.0,175.0,150.0
173.0,186.0,182.0,181.0,183.0,175.0,166.0,145.0
172.0,185.0,181.0,183.0,175.0,166.0,150.0,143.0
173.0,182.0,183.0,175.0,166.0,150.0,145.0,154.0
186.0,181.0,175.0,166.0,150.0,145.0,143.0,156.0
185.0,183.0,166.0,150.0,145.0,143.0,154.0,140.0
182.0,175.0,150.0,145.0,143.0,154.0,156.0,150.0
181.0,166.0,145.0,143.0,154.0,156.0,140.0,151.0
183.0,150.0,143.0,154.0,156.0,140.0,150.0,151.0
166.0,143.0,156.0,140.0,150.0,151.0,151.0,150.0
145.0,156.0,150.0,151.0,151.0,151.0,150.0,147.0
143.0,140.0,151.0,151.0,151.0,150.0,147.0,145.0
154.0,150.0,151.0,151.0,150.0,147.0,147.0,143.0
156.0,151.0,151.0,150.0,147.0,147.0,145.0,139.0
140.0,151.0,150.0,147.0,147.0,145.0,143.0,138.0
150.0,151.0,147.0,147.0,145.0,143.0,139.0,142.0
151.0,150.0,147.0,145.0,143.0,139.0,138.0,141.0
151.0,147.0,145.0,143.0,139.0,138.0,142.0,143.0
151.0,147.0,143.0,139.0,138.0,142.0,141.0,145.0
150.0,145.0,139.0,138.0,142.0,141.0,143.0,146.0
147.0,143.0,138.0,142.0,141.0,143.0,145.0,148.0
216.4,221.5,212.8,210.5,205.7,202.4,196.9090909090909,190.0
213.0,203.0,196.0909090909091,190.6,200.0,198.0,193.0,180.0
210.5,196.9090909090909,190.0,199.8,197.5,192.2,184.5,176.0
196.9090909090909,199.8,192.2,184.5,179.63636363636363,176.0,173.63636363636363,167.0
196.0,197.5,184.5,179.63636363636363,176.0,173.63636363636363,170.0,163.0
190.0,192.2,179.63636363636363,176.0,173.63636363636363,170.0,167.0,157.0
199.8,184.5,176.0,173.63636363636363,170.0,167.0,163.0,148.0
192.2,176.0,170.0,167.0,163.0,157.0,148.0,141.0
184.5,173.63636363636363,167.0,163.0,157.0,148.0,142.0,140.0
176.0,167.0,157.0,148.0,142.0,141.0,140.0,132.0
170.0,157.0,142.0,141.0,140.0,134.0,132.0,128.0
167.0,148.0,141.0,140.0,134.0,132.0,130.0,119.0
